10317.000113952
10317.000074242
10317.000022117
10317.000048309
10317.000026556
10317.0363201212
10317.X00173966
10317.X00174967
10317.000093008
10317.000014157
10317.X00180239
10317.000031200
10317.000107375
10317.000011930
10317.000031014
10317.000107846
10317.000037950
10317.0363201200
10317.000098613
10317.000068717
10317.000042813
10317.000038344
10317.X00179175
10317.000022121
10317.000046327
10317.X00179857
10317.000097209
10317.000071922
10317.000115184
10317.000013783
10317.000087105
10317.000042811
10317.000054055
10317.000028555
10317.000033296
10317.0363201240
10317.000051176
10317.000046095
10317.DM2636368
10317.000054066
10317.000027707
10317.000084360
10317.000071990
10317.000087258
10317.000107976
10317.0363172907
10317.000050213
10317.000047219
10317.000047157
10317.000060050
10317.000021192
10317.000031102
10317.000067798
10317.000112927
10317.000021684
10317.000038484
10317.X00215593
10317.000029207
10317.000060004
10317.000040387
10317.000023952
10317.000052131
10317.X00185447
10317.000097757
10317.000073560
10317.000074538
10317.X00180344
10317.000053321
10317.000107218
10317.X00165497
10317.000072023
10317.000023006
10317.000048283
10317.000029493
10317.000069354
10317.X00214104
10317.000090133
10317.000079405
10317.X00178002
10317.000063059
10317.000042692
10317.0363213339
10317.X00191877
10317.000097831
10317.000074204
10317.000066615
10317.000107049
10317.000031363
10317.000076329
10317.X00214440
10317.000040390
10317.000049981
10317.X00215870
10317.000074246
10317.000013623
10317.000023243
10317.000062181
10317.000110334
10317.000082571
10317.000107363
10317.000094747
10317.X00192426
10317.000030254
10317.000031465
10317.000001270
10317.000051239
10317.000030017
10317.000149345
10317.000092689
10317.0363173850
10317.000034250
10317.000111325
10317.000108937
10317.000046345
10317.000030568
10317.000070659
10317.X00179272
10317.000028887
10317.000101238
10317.000107947
10317.DM2446664
10317.000102910
10317.000097727
10317.000084674
10317.0363201236
10317.000111030
10317.000036457
10317.000033086
10317.000110139
10317.000029619
10317.000113605
10317.X00179364
10317.X00170502
10317.000020520
10317.000004859
10317.000102637
10317.000027649
10317.000046113
10317.000045005
10317.000026069
10317.000108832
10317.000047404
10317.000115185
10317.000035473
10317.000029443
10317.000068275
10317.000047897
10317.000074355
10317.000042710
10317.000052516
10317.000101135
10317.000023517
10317.000031844
10317.000106951
10317.000037504
10317.000036962
10317.000097285
10317.000023356
10317.X00185805
10317.000058994
10317.000092981
10317.000039953
10317.000012397
10317.0363215309
10317.000071978
10317.000063566
10317.000092760
10317.000033143
10317.000047381
10317.X00185813
10317.DM2663843
10317.000098908
10317.000107353
10317.000098008
10317.000038023
10317.000030302
10317.000035490
10317.000098154
10317.000043202
10317.X00190996
10317.000041780
10317.X00162971
10317.000115408
10317.000109204
10317.000046632
10317.000050036
10317.000047738
10317.000038131
10317.000022229
10317.000031482
10317.X00192232
10317.000106030
10317.000030490
10317.000099053
10317.000111255
10317.000040323
10317.000067674
10317.000115492
10317.000151217
10317.000058866
10317.000058595
10317.000069384
10317.000093650
10317.000034161
10317.000108512
10317.000100360
10317.000109780
10317.000113644
10317.000072372
10317.000111323
10317.000050238
10317.000028113
10317.000058895
10317.000041638
10317.000041343
10317.000044324
10317.000101324
10317.000030040
10317.000076392
10317.000023558
10317.000110512
10317.000105631
10317.000032754
10317.0363201239
10317.000017165
10317.X00179397
10317.X00179219
10317.000100490
10317.000107503
10317.000107834
10317.X00191361
10317.000079822
10317.000106066
10317.000084581
10317.000107482
10317.000107373
10317.000103667
10317.000090120
10317.000093001
10317.000074705
10317.000079075
10317.000038384
10317.000030492
10317.000015847
10317.000097738
10317.DM2693668
10317.000030133
10317.0363213313
10317.000052491
10317.X00180454
10317.000073267
10317.000112726
10317.000030555
10317.000098170
10317.000097380
10317.000082690
10317.000051237
10317.000110043
10317.000109799
10317.000087165
10317.000038415
10317.000074295
10317.000074181
10317.000109901
10317.000103869
10317.000054054
10317.000079444
10317.000037559
10317.000023523
10317.000063586
10317.000058679
10317.000105299
10317.X00176585
10317.000076556
10317.000097665
10317.000058547
10317.000069657
10317.000111324
10317.000036963
10317.000068077
10317.DM2986384
10317.000027704
10317.000110025
10317.X00214760
10317.000023559
10317.000066818
10317.000046650
10317.000084636
10317.000027903
10317.000099214
10317.000051110
10317.X00215425
10317.000067548
10317.000090530
10317.000038183
10317.X00192775
10317.000050289
10317.000106774
10317.000074679
10317.000058888
10317.000041525
10317.000023038
10317.000114534
10317.000089612
10317.000060048
10317.000018354
10317.000021148
10317.000047798
10317.000039736
10317.000060322
10317.000038110
10317.000108524
10317.000107962
10317.000078762
10317.000105326
10317.000021648
10317.000047237
10317.000022282
10317.X00190562
10317.000074532
10317.000033354
10317.000029559
10317.000154574
10317.000067024
10317.000046888
10317.000068655
10317.000052051
10317.000040186
10317.000023771
10317.000031441
10317.X00178086
10317.000074587
10317.000042736
10317.000030053
10317.000098769
10317.000070644
10317.000023624
10317.000067488
10317.000107481
10317.X00180002
10317.000058847
10317.000058343
10317.000065452
10317.000107181
10317.000112953
10317.000113514
10317.000107387
10317.000022988
10317.X00191052
10317.000109951
10317.000062078
10317.000007342
10317.000051199
10317.000035338
10317.000050022
10317.0363215321
10317.000046427
10317.000010472
10317.000075897
10317.000027355
10317.000052140
10317.000029572
10317.000059151
10317.000058875
10317.000116569
10317.000071913
10317.000001252
10317.000105616
10317.000092944
10317.DM2984696
10317.000079081
10317.000076527
10317.DM2444689
10317.000052384
10317.000097414
10317.0363201776
10317.000093643
10317.000108265
10317.X00180232
10317.000101326
10317.000106902
10317.000050326
10317.000021186
10317.000032793
10317.000027714
10317.000079836
10317.000073374
10317.000047229
10317.000002866
10317.000082954
10317.000074196
10317.000072606
10317.000102949
10317.X00211633
10317.000067881
10317.000082720
10317.000109122
10317.000110519
10317.000037493
10317.000023521
10317.DM2366399
10317.000112779
10317.000076193
10317.000065420
10317.000029390
10317.000074588
10317.000116555
10317.000108439
10317.000108613
10317.X00215765
10317.000067882
10317.000092879
10317.000107111
10317.000037598
10317.0363201788
10317.000093642
10317.000035433
10317.000065557
10317.X00164900
10317.000050003
10317.000053366
10317.X00179467
10317.000031817
10317.X00180379
10317.000069326
10317.000071593
10317.000067959
10317.000073301
10317.000065912
10317.000031133
10317.000098992
10317.000051240
10317.000092687
10317.000079020
10317.000087120
10317.000113624
10317.000059978
10317.000097614
10317.X00183173
10317.000075961
10317.000115529
10317.X00191129
10317.000030251
10317.000106865
10317.000037568
10317.000067071
10317.000001198
10317.000067957
10317.000054276
10317.000047774
10317.DM2884364
10317.000049730
10317.000082703
10317.X00180422
10317.000050183
10317.X00176728
10317.000106815
10317.000072179
10317.DM2894946
10317.000033759
10317.000067202
10317.000058892
10317.000101108
10317.000115465
10317.000029581
10317.000067115
10317.000113015
10317.000059898
10317.000050198
10317.000107333
10317.X00181116
10317.X00180473
10317.000072298
10317.000099115
10317.000038069
10317.000111333
10317.DM2869898
10317.000058350
10317.000106400
10317.000090943
10317.X00179225
10317.000026109
10317.000110098
10317.000053437
10317.000033255
10317.000098025
10317.000069692
10317.000041740
10317.000155253
10317.000058771
10317.000116578
10317.000107597
10317.000078781
10317.000026108
10317.000082567
10317.X00164404
10317.000050155
10317.000053394
10317.X00180168
10317.000039886
10317.000079082
10317.000108862
10317.000091079
10317.000110562
10317.000074836
10317.000108938
10317.000029497
10317.X00185754
10317.000027899
10317.000033561
10317.000105306
10317.000092664
10317.000070822
10317.000050427
10317.X00214132
10317.X00169520
10317.000032685
10317.X00183176
10317.000054133
10317.X00178170
10317.000020538
10317.DM2934866
10317.X00191522
10317.000103796
10317.X00171290
10317.000082897
10317.000098155
10317.X00183169
10317.X00191143
10317.000058858
10317.000073920
10317.000102633
10317.000029997
10317.000087164
10317.000028594
10317.000152475
10317.000071401
10317.X00180396
10317.000073881
10317.000107955
10317.000033697
10317.000041155
10317.000036953
10317.000114842
10317.000067935
10317.DM2398663
10317.DM2668338
10317.000029410
10317.000026484
10317.DM2346333
10317.000098995
10317.DM2998689
10317.000039504
10317.000030650
10317.000023348
10317.000098836
10317.000043194
10317.000017641
10317.000029329
10317.X00179012
10317.000010469
10317.000035481
10317.000084583
10317.000108050
10317.000002698
10317.000069825
10317.000032903
10317.000098182
10317.000155402
10317.000020607
10317.000033247
10317.000036180
10317.000107361
10317.000108798
10317.000089461
10317.000052524
10317.000040170
10317.000071610
10317.000035760
10317.000031592
10317.000113741
10317.000036404
10317.000071955
10317.000097632
10317.000106876
10317.000115527
10317.000050201
10317.000030363
10317.000020706
10317.000002952
10317.000089543
10317.000012166
10317.000074646
10317.000066924
10317.000076167
10317.000030145
10317.000112193
10317.000082704
10317.000100351
10317.000157565
10317.000065527
10317.0363215336
10317.000048958
10317.000106595
10317.000067693
10317.000030165
10317.000110849
10317.X00179273
10317.000051091
10317.000031269
10317.000028957
10317.000059075
10317.000114414
10317.000093444
10317.X00183181
10317.000115228
10317.000028072
10317.000014528
10317.000038125
10317.DM2344894
10317.000046432
10317.000028558
10317.X00214506
10317.X00178659
10317.000105358
10317.000089333
10317.000059864
10317.000099213
10317.000023789
10317.000032859
10317.000027332
10317.000060338
10317.000116573
10317.000018400
10317.000039732
10317.000116597
10317.000108004
10317.000109219
10317.000115533
10317.000040103
10317.000033547
10317.000058893
10317.DM2884494
10317.000049123
10317.000063283
10317.000063081
10317.000101065
10317.000067946
10317.X00176593
10317.000105329
10317.000046447
10317.000074199
10317.000052380
10317.000043171
10317.X00215484
10317.000110207
10317.000107294
10317.000052064
10317.0363183112
10317.000069201
10317.DM2369668
10317.000103086
10317.X00176557
10317.000048266
10317.000020641
10317.000047440
10317.DM2846966
10317.X00182267
10317.DM2343844
10317.000011142
10317.000066792
10317.X00185862
10317.000065339
10317.X00179656
10317.000107852
10317.000157928
10317.000023576
10317.000040402
10317.000097277
10317.000106723
10317.X00174754
10317.000100407
10317.X00179818
10317.000051271
10317.000100384
10317.000098969
10317.000084545
10317.000097756
10317.X00178869
10317.000108836
10317.X00163408
10317.000105826
10317.000114522
10317.000029221
10317.000108491
10317.000047370
10317.000039580
10317.000010246
10317.000033484
10317.000107048
10317.000039651
10317.000097690
10317.000049924
10317.000040137
10317.X00178330
10317.000072565
10317.000097946
10317.000033536
10317.000074628
10317.000091039
10317.000069163
10317.000073801
10317.000113026
10317.X00191382
10317.000058505
10317.000074220
10317.000050023
10317.000076650
10317.000067054
10317.000101063
10317.000048265
10317.000090545
10317.000101140
10317.000089647
10317.X00215118
10317.000023949
10317.000075940
10317.000071416
10317.X00211591
10317.000059079
10317.000027342
10317.000073394
10317.000030157
10317.000068072
10317.X00174148
10317.000039818
10317.000098947
10317.000050345
10317.000067482
10317.000030748
10317.000058983
10317.000100489
10317.000069169
10317.000114282
10317.000110095
10317.000032763
10317.000109136
10317.000067505
10317.000108841
10317.X00214540
10317.000152952
10317.000115081
10317.000001329
10317.000084225
10317.000030675
10317.000020664
10317.000112156
10317.000068489
10317.X00179983
10317.000039769
10317.000047151
10317.X00180012
10317.000103631
10317.000067483
10317.000029982
10317.DM2884698
10317.000079158
10317.000051580
10317.000027275
10317.000020525
10317.X00179381
10317.000068500
10317.000075923
10317.000076664
10317.000012262
10317.X00215719
10317.000066995
10317.000013719
10317.X00185662
10317.000067933
10317.000110558
10317.000033102
10317.000029399
10317.000103853
10317.000090108
10317.000103797
10317.000054333
10317.000108620
10317.000035505
10317.000067726
10317.0363215291
10317.X00214272
10317.000059051
10317.000050305
10317.DM2369663
10317.000046445
10317.000001226
10317.000097639
10317.000065712
10317.000106204
10317.000115354
10317.000039551
10317.X00180504
10317.000047778
10317.X00171319
10317.000067805
10317.000021249
10317.000075913
10317.000039904
10317.000021265
10317.000005733
10317.000028265
10317.000097663
10317.000027923
10317.000074486
10317.000060243
10317.X00165202
10317.000023951
10317.000108485
10317.000046436
10317.000038193
10317.000111330
10317.X00214905
10317.000026593
10317.000090989
10317.X00230489
10317.DM2369836
10317.X00215768
10317.X00179100
10317.000100340
10317.000065759
10317.000035273
10317.000030071
10317.000115485
10317.000027713
10317.X00176707
10317.000063124
10317.000030082
10317.000087670
10317.000046419
10317.000100406
10317.000105371
10317.X00215200
10317.000071450
10317.X00190926
10317.000050342
10317.000066912
10317.000044550
10317.000110180
10317.000074556
10317.000067960
10317.000115079
10317.000076004
10317.000033047
10317.000046423
10317.000053470
10317.000049951
10317.000108983
10317.000083144
10317.000067725
10317.000074853
10317.000076510
10317.000051066
10317.000075972
10317.000116595
10317.000068550
10317.000023589
10317.000040324
10317.000107355
10317.000009230
10317.000090132
10317.X00179950
10317.000098186
10317.X00178984
10317.000084350
10317.000071846
10317.000030276
10317.000028779
10317.000038428
10317.000020488
10317.000084318
10317.000083063
10317.000067790
10317.000069265
10317.000111258
10317.000065784
10317.000101331
10317.000101146
10317.000042809
10317.000023741
10317.000087094
10317.000115074
10317.000150632
10317.000155057
10317.000079391
10317.X00215700
10317.000058854
10317.000030362
10317.000018076
10317.X00178863
10317.000110150
10317.000151320
10317.000065474
10317.000092823
10317.000093617
10317.000022505
10317.000076410
10317.000108434
10317.000098210
10317.000001300
10317.000030479
10317.000032706
10317.DM2933366
10317.000039508
10317.X00214070
10317.000108504
10317.000106417
10317.000066935
10317.000043012
10317.000107407
10317.X00176555
10317.000090095
10317.DM2444839
10317.000109084
10317.X00179789
10317.000101136
10317.000079095
10317.000089337
10317.000014558
10317.000042663
10317.000058845
10317.000097701
10317.000112935
10317.000156008
10317.X00178380
10317.000071473
10317.000033684
10317.000069866
10317.000018397
10317.X00179736
10317.000001377
10317.000067545
10317.000042694
10317.000116153
10317.000067806
10317.X00214829
10317.000020663
10317.X00179526
10317.000112908
10317.000071971
10317.000107641
10317.000073622
10317.000113606
10317.000092711
10317.000026528
10317.DM2644693
10317.000114509
10317.000043223
10317.X00215380
10317.000020336
10317.000026458
10317.000084335
10317.000109807
10317.000060364
10317.000110560
10317.000047618
10317.000067072
10317.000084562
10317.000084465
10317.000097363
10317.000032770
10317.000076731
10317.000091102
10317.000022109
10317.000022407
10317.000060359
10317.000109124
10317.000031281
10317.X00215219
10317.000033733
10317.000102729
10317.000105910
10317.000116151
10317.000028963
10317.000036423
10317.000114507
10317.X00214357
10317.000041652
10317.000082814
10317.000023163
10317.000027246
10317.X00191394
10317.000046652
10317.000090948
10317.000112952
10317.000113658
10317.000111334
10317.0363184924
10317.000021958
10317.0363182701
10317.000093020
10317.000029998
10317.000050298
10317.000060011
10317.000112728
10317.000027655
10317.000067015
10317.X00179096
10317.000103854
10317.000063330
10317.000116552
10317.000051167
10317.DM2936486
10317.000046641
10317.000060332
10317.000076443
10317.000076320
10317.000109809
10317.000026417
10317.000050309
10317.000092998
10317.000072291
10317.000099052
10317.X00215029
10317.000023286
10317.000113090
10317.000029397
10317.000036856
10317.X00172631
10317.X00179953
10317.000087655
10317.000111922
10317.000030310
10317.000058970
10317.000040178
10317.X00180093
10317.000114863
10317.000100398
10317.000069674
10317.0363183166
10317.000073578
10317.X00178296
10317.X00214752
10317.000054127
10317.000149217
10317.000084322
10317.0363183118
10317.000112990
10317.000092903
10317.000098611
10317.000059930
10317.000059958
10317.X00214421
10317.000071381
10317.000021974
10317.000022609
10317.000010256
10317.DM2638646
10317.X00191396
10317.000047409
10317.000040138
10317.000115511
10317.000039707
10317.000038141
10317.000076317
10317.X00178009
10317.000072405
10317.DM2884893
10317.000047739
10317.000114504
10317.000033030
10317.000022115
10317.000066453
10317.000069665
10317.000084449
10317.000046640
10317.X00214727
10317.000066456
10317.000099085
10317.X00179319
10317.000033281
10317.X00180507
10317.000022119
10317.000020399
10317.000110063
10317.000068070
10317.X00179098
10317.X00166736
10317.000050344
10317.X00179590
10317.000032945
10317.000097469
10317.000065662
10317.000110142
10317.0363160329
10317.000039588
10317.000021151
10317.000031469
10317.X00179538
10317.X00214333
10317.000039519
10317.000039720
10317.000036923
10317.000076627
10317.000109816
10317.000107506
10317.000040326
10317.DM2866886
10317.000092790
10317.000031594
10317.0363215275
10317.0363213320
10317.000076557
10317.000079408
10317.X00180255
10317.000038129
10317.000069400
10317.000008972
10317.000033554
10317.000030368
10317.000074195
10317.000037915
10317.000033385
10317.000076323
10317.000047598
10317.000101005
10317.000041773
10317.000097079
10317.000105328
10317.000016300
10317.000027689
10317.000022951
10317.000021279
10317.000047705
10317.000047900
10317.000040543
10317.000049995
10317.000030381
10317.000116606
10317.DM2849944
10317.000112667
10317.000101325
10317.000093648
10317.000023288
10317.0363172899
10317.000076454
10317.000108683
10317.000054015
10317.000038031
10317.000073590
10317.000029578
10317.X00230293
10317.000029287
10317.000082967
10317.000087093
10317.000116626
10317.000041324
10317.000038331
10317.000010465
10317.000029431
10317.000146249
10317.000100391
10317.000079419
10317.000042695
10317.000072392
10317.000103913
10317.X00179875
10317.000033762
10317.0363183185
10317.000066527
10317.000002224
10317.000097696
10317.000026452
10317.000039520
10317.X00172995
10317.000089240
10317.000071604
10317.000110360
10317.000058967
10317.000037494
10317.000059041
10317.000023065
10317.000090552
10317.000023619
10317.0363173182
10317.000107477
10317.000092697
10317.000020661
10317.000031308
10317.000038352
10317.000070696
10317.000074412
10317.X00179148
10317.000033216
10317.000050197
10317.000047736
10317.000058407
10317.000069352
10317.000110456
10317.000097440
10317.X00214114
10317.000109766
10317.000035787
10317.000028378
10317.000087018
10317.000099165
10317.X00211580
10317.000085167
10317.000107140
10317.000041977
10317.000106596
10317.X00215332
10317.000058637
10317.000040316
10317.000151302
10317.000040157
10317.000029500
10317.000022425
10317.000076652
10317.000072066
10317.000041120
10317.000049943
10317.000062125
10317.000068287
10317.000017702
10317.X00179042
10317.X00179561
10317.000039817
10317.000084288
10317.0363213283
10317.000151250
10317.0363201754
10317.000069653
10317.000146750
10317.000046438
10317.000115551
10317.000033668
10317.000098007
10317.000001878
10317.000112945
10317.000060281
10317.000097497
10317.000107703
10317.DM2694946
10317.000052164
10317.000046380
10317.000069741
10317.000102664
10317.X00214684
10317.DM2944969
10317.000067547
10317.X00179711
10317.000031859
10317.000028925
10317.000053364
10317.000102956
10317.000020077
10317.000094626
10317.000087666
10317.000002942
10317.000021143
10317.000109188
10317.000072624
10317.000032802
10317.000108705
10317.000046644
10317.000005823
10317.000040411
10317.000046317
10317.X00183170
10317.000113743
10317.X00215515
10317.000098944
10317.000098941
10317.X00179620
10317.000042708
10317.000070807
10317.000082815
10317.000068419
10317.000036107
10317.000109150
10317.000098984
10317.000065561
10317.000033280
10317.000069604
10317.000010298
10317.000029504
10317.000015902
10317.000073876
10317.000053421
10317.X00185784
10317.000097674
10317.000092940
10317.000014574
10317.000103728
10317.000157679
10317.000042626
10317.000072605
10317.000107781
10317.000048272
10317.000076424
10317.000074263
10317.DM2666364
10317.000072256
10317.X00162552
10317.000039655
10317.000041733
10317.DM2344369
10317.000154304
10317.000107788
10317.000021736
10317.000099148
10317.000068633
10317.000026047
10317.000111026
10317.000060285
10317.000046331
10317.X00169793
10317.000020717
10317.X00213989
10317.000073385
10317.000039532
10317.000109928
10317.000033423
10317.000047225
10317.000030130
10317.000072141
10317.000115091
10317.000076579
10317.000102646
10317.000028363
10317.000025998
10317.X00185733
10317.000035345
10317.000107791
10317.000110563
10317.000109794
10317.000022998
10317.000067914
10317.X00190604
10317.000050390
10317.X00192615
10317.X00180182
10317.000047454
10317.0363182279
10317.000017154
10317.X00185667
10317.000067680
10317.000097940
10317.000108379
10317.X00180312
10317.000069824
10317.000067883
10317.000029159
10317.X00178149
10317.000029400
10317.0363201245
10317.000028619
10317.000053365
10317.000028886
10317.000107516
10317.000072398
10317.000042678
10317.000098756
10317.000066632
10317.000033428
10317.000013170
10317.000074501
10317.000103646
10317.000059923
10317.000074291
10317.000110213
10317.000098920
10317.000084407
10317.000023385
10317.000108633
10317.X00214399
10317.000054171
10317.000033233
10317.X00215463
10317.000107400
10317.X00179208
10317.000094640
10317.000112240
10317.000098898
10317.000107785
10317.000113553
10317.X00161233
10317.000074840
10317.000031316
10317.000065862
10317.000036150
10317.000073420
10317.X00179489
10317.000028178
10317.000097652
10317.000050300
10317.000100467
10317.000073396
10317.000032723
10317.000092813
10317.000087038
10317.000110026
10317.000032804
10317.000033144
10317.000068687
10317.000031031
10317.000058329
10317.000071494
10317.000102893
10317.000067789
10317.000058486
10317.X00179453
10317.000084492
10317.000102835
10317.X00215297
10317.000103684
10317.000012857
10317.000048127
10317.000116299
10317.000107289
10317.X00175869
10317.0363215269
10317.000022910
10317.000067797
10317.0363182542
10317.000030108
10317.000042739
10317.000035446
10317.000110125
10317.000087051
10317.DM2464968
10317.X00162440
10317.X00215011
10317.000155921
10317.000107142
10317.000054233
10317.000039665
10317.000044423
10317.000042734
10317.000103917
10317.000102945
10317.X00180186
10317.000050214
10317.000013176
10317.000101023
10317.000110152
10317.000097747
10317.000101328
10317.000053361
10317.000101291
10317.X00174572
10317.000033091
10317.000065797
10317.000115419
10317.X00235794
10317.000113584
10317.000116426
10317.000098911
10317.000065319
10317.DM2339836
10317.000021184
10317.000073395
10317.000012339
10317.000069688
10317.000015601
10317.DM2696334
10317.000047148
10317.000046635
10317.000110347
10317.000010850
10317.000092723
10317.000091015
10317.000043218
10317.000115487
10317.000107546
10317.000071858
10317.0363215318
10317.000047208
10317.000072067
10317.DM2998494
10317.000007728
10317.000098934
10317.000097212
10317.X00215095
10317.000083064
10317.000112729
10317.000094620
10317.000107591
10317.000053474
10317.000038405
10317.000052166
10317.X00191400
10317.000106399
10317.000022382
10317.X00178744
10317.000031257
10317.000106864
10317.000109013
10317.000034261
10317.X00179666
10317.X00179589
10317.000073887
10317.000089350
10317.000011199
10317.000049935
10317.000102763
10317.000050045
10317.000022898
10317.000094635
10317.000103635
10317.000037978
10317.000028429
10317.000101027
10317.000040354
10317.000023748
10317.000071568
10317.000022399
10317.0363215325
10317.000105527
10317.000030964
10317.000049748
10317.X00179076
10317.X00211899
10317.000050602
10317.000098203
10317.000031332
10317.000110428
10317.000066439
10317.000108405
10317.000029298
10317.000105630
10317.000067679
10317.000090139
10317.000022233
10317.000073763
10317.000100511
10317.000045011
10317.000026636
10317.000108698
10317.000075979
10317.000102934
10317.000112690
10317.000067947
10317.000113055
10317.X00179945
10317.DM2648336
10317.X00180191
10317.000114874
10317.000067469
10317.000101079
10317.0363182658
10317.000021258
10317.X00185863
10317.000027662
10317.000114519
10317.000115535
10317.000107235
10317.000068300
10317.000106096
10317.000050212
10317.000058337
10317.X00190912
10317.000066608
10317.X00180423
10317.000067092
10317.X00179216
10317.000076418
10317.000022915
10317.X00178681
10317.000073612
10317.X00178106
10317.000067728
10317.000021993
10317.000029374
10317.000066651
10317.000114460
10317.000090559
10317.X00176597
10317.DM2864369
10317.X00179722
10317.000111252
10317.DM2999948
10317.X00185452
10317.X00179901
10317.000071961
10317.000092796
10317.000108859
10317.000114827
10317.000076215
10317.X00168786
10317.000072604
10317.000084397
10317.000032737
10317.000050048
10317.000032898
10317.000030060
10317.000040415
10317.000003206
10317.X00214149
10317.000089690
10317.000092847
10317.000051225
10317.000020491
10317.0363183113
10317.000042844
10317.X00215204
10317.000014879
10317.000002519
10317.000074537
10317.000046628
10317.000074462
10317.000026608
10317.X00185866
10317.X00229096
10317.000023550
10317.000108823
10317.000029420
10317.000058375
10317.000021542
10317.000067094
10317.000050047
10317.X00179889
10317.000027785
10317.0363215320
10317.000032776
10317.X00185459
10317.000084630
10317.000112681
10317.000052153
10317.000110459
10317.000066978
10317.000079061
10317.DM2646489
10317.000052320
10317.0363158790
10317.000039883
10317.000059969
10317.000065679
10317.000114830
10317.000079117
10317.000112195
10317.000053412
10317.000023119
10317.000062102
10317.000046890
10317.000065760
10317.000047464
10317.000107677
10317.000097715
10317.0363213264
10317.000033439
10317.000076358
10317.000036470
10317.000102718
10317.000041698
10317.000089356
10317.000115522
10317.000074438
10317.000036716
10317.000068238
10317.000023176
10317.000108687
10317.000106300
10317.000069775
10317.X00215488
10317.000115422
10317.000069875
10317.000058754
10317.000059944
10317.000028232
10317.X00178997
10317.000037491
10317.000069871
10317.000093398
10317.000115568
10317.X00181149
10317.000098950
10317.000023902
10317.000110067
10317.X00172576
10317.000071574
10317.000076741
10317.000058521
10317.000087636
10317.000098774
10317.000074509
10317.000039864
10317.000076490
10317.X00214432
10317.000010247
10317.000072433
10317.000067811
10317.DM2644888
10317.X00179204
10317.000066598
10317.000097853
10317.000072162
10317.000067007
10317.000114450
10317.X00179579
10317.000021207
10317.000074380
10317.X00179918
10317.000038132
10317.000043212
10317.X00172000
10317.000023261
10317.000008988
10317.000021970
10317.000108523
10317.000017155
10317.000107514
10317.0363201806
10317.000116571
10317.000041931
10317.000067484
10317.000092939
10317.000115498
10317.000089401
10317.000101032
10317.0363182607
10317.000046876
10317.000050278
10317.000014930
10317.000106624
10317.000047221
10317.000074718
10317.000038323
10317.000097454
10317.000046892
10317.000058785
10317.000109035
10317.000012937
10317.0363182882
10317.000046657
10317.000062091
10317.X00180534
10317.X00214605
10317.000110419
10317.000097276
10317.000065785
10317.000058658
10317.000038317
10317.000070625
10317.000068324
10317.000052407
10317.000005732
10317.000036489
10317.0363215271
10317.000053454
10317.DM2994993
10317.000108103
10317.000063058
10317.000066878
10317.000042689
10317.000108126
10317.000021278
10317.000114484
10317.000058819
10317.000039815
10317.000039893
10317.X00179039
10317.000034178
10317.X00191355
10317.000108216
10317.000110852
10317.000113524
10317.000106018
10317.000028490
10317.X00211841
10317.000101308
10317.000102698
10317.000089322
10317.000071445
10317.000085117
10317.000047646
10317.X00162025
10317.000030425
10317.X00214344
10317.000101118
10317.000038446
10317.000058943
10317.000065695
10317.000030510
10317.X00180523
10317.000021191
10317.000110847
10317.X00214236
10317.X00163079
10317.000093645
10317.000047748
10317.000070803
10317.000152363
10317.000051124
10317.000103772
10317.000069739
10317.000031417
10317.000093412
10317.X00185794
10317.000067028
10317.000041690
10317.000039614
10317.000058346
10317.000059994
10317.000147554
10317.000065768
10317.000017687
10317.000100377
10317.000090557
10317.X00190618
10317.X00235413
10317.000074254
10317.000114646
10317.000111033
10317.000054095
10317.000052033
10317.000101319
10317.000058722
10317.000052260
10317.0363182660
10317.000046869
10317.000097274
10317.000049933
10317.000156096
10317.000006054
10317.000058508
10317.X00230555
10317.X00178655
10317.000111027
10317.000090054
10317.000091014
10317.000029282
10317.000042737
10317.0363184926
10317.000042847
10317.000066901
10317.000054172
10317.000065524
10317.000041108
10317.000098211
10317.000066923
10317.000033093
10317.000068821
10317.000033712
10317.000022622
10317.0363213336
10317.X00165367
10317.X00214264
10317.000068645
10317.000035429
10317.000112207
10317.000098784
10317.000070840
10317.000066451
10317.000039996
10317.X00180324
10317.000039921
10317.000059027
10317.000054144
10317.000027669
10317.000013252
10317.000021991
10317.000054101
10317.000031502
10317.000092672
10317.X00191038
10317.000106622
10317.000110401
10317.000115238
10317.000032822
10317.000084424
10317.000079085
10317.000097208
10317.000066793
10317.000020573
10317.000101074
10317.000067525
10317.000036416
10317.000076493
10317.000039867
10317.000098181
10317.000068667
10317.000097635
10317.000108184
10317.X00161646
10317.000039645
10317.000022657
10317.000097975
10317.000069202
10317.000068083
10317.000072247
10317.0363215332
10317.000020613
10317.000107621
10317.000070841
10317.000071458
10317.000033494
10317.000097655
10317.000027786
10317.000060233
10317.000038092
10317.000041251
10317.000067213
10317.X00179332
10317.X00179266
10317.000110101
10317.000075888
10317.000073382
10317.000109768
10317.000068257
10317.000041679
10317.000030430
10317.000089236
10317.000067027
10317.000087212
10317.000106996
10317.000097319
10317.000053386
10317.000046437
10317.000035425
10317.000069876
10317.000114526
10317.X00178771
10317.000067676
10317.000030080
10317.000101173
10317.000034146
10317.000113779
10317.000034236
10317.000065582
10317.X00180188
10317.000092858
10317.000029319
10317.000070643
10317.000065659
10317.000022977
10317.000074698
10317.X00185471
10317.000070707
10317.000108259
10317.000110069
10317.000067091
10317.X00230365
10317.000040167
10317.000066940
10317.X00167135
10317.000109829
10317.000046653
10317.DM2988964
10317.000108032
10317.000029424
10317.000036682
10317.000023023
10317.000067053
10317.000079421
10317.000076496
10317.000031567
10317.000071970
10317.000047197
10317.000112950
10317.000065761
10317.000079029
10317.000066881
10317.000108988
10317.000042843
10317.000068240
10317.000146732
10317.000084459
10317.000036674
10317.000012196
10317.000115370
10317.000097730
10317.000036140
10317.000106547
10317.X00190695
10317.000107601
10317.X00180398
10317.000002419
10317.X00180270
10317.000098768
10317.000039515
10317.000074314
10317.X00214538
10317.000110312
10317.000107685
10317.000068081
10317.000063066
10317.X00163732
10317.000111250
10317.X00214520
10317.000065488
10317.000107471
10317.000105748
10317.000041633
10317.000022666
10317.000022329
10317.000053463
10317.000100452
10317.000036461
10317.000054312
10317.000023854
10317.X00183160
10317.000091055
10317.000108685
10317.000054045
10317.000076628
10317.000038239
10317.000107502
10317.000030960
10317.X00180257
10317.000028861
10317.000101034
10317.000156126
10317.000076307
10317.000051243
10317.000069193
10317.X00214405
10317.000050189
10317.000110020
10317.000003102
10317.000090076
10317.000154728
10317.X00214453
10317.000116598
10317.000103656
10317.0363213347
10317.000033175
10317.000079374
10317.000065971
10317.000027833
10317.000084592
10317.000074284
10317.X00215929
10317.000112962
10317.000067016
10317.000108925
10317.000029332
10317.000093097
10317.000062074
10317.000036100
10317.000076525
10317.000023928
10317.DM2388896
10317.000042991
10317.000108359
10317.000038199
10317.000102722
10317.000033781
10317.000052261
10317.X00179311
10317.000114787
10317.X00185781
10317.000013047
10317.000065756
10317.000052162
10317.000073925
10317.000046897
10317.000028445
10317.X00178667
10317.X00214294
10317.000054202
10317.X00185565
10317.000106650
10317.000017634
10317.0363173800
10317.000069731
10317.000023548
10317.0363215319
10317.000105988
10317.000107739
10317.000114006
10317.000037917
10317.000044439
10317.000092974
10317.000071491
10317.000041828
10317.000072059
10317.000051238
10317.000030301
10317.000069664
10317.000039714
10317.000105300
10317.000102983
10317.000034174
10317.000072252
10317.000036170
10317.000072025
10317.000039932
10317.000068341
10317.000053451
10317.000110565
10317.X00214126
10317.000074647
10317.000023927
10317.000101080
10317.000113552
10317.X00211541
10317.000079806
10317.000042761
10317.000114662
10317.X00215707
10317.000029433
10317.000100466
10317.000039578
10317.000071426
10317.000029621
10317.0363201218
10317.000023583
10317.000065473
10317.000036865
10317.000058496
10317.000069695
10317.000105342
10317.X00214608
10317.000101143
10317.000098160
10317.000059003
10317.000052152
10317.000028692
10317.000098890
10317.000111328
10317.000059189
10317.000107628
10317.000062300
10317.000108480
10317.000074852
10317.000098974
10317.000102875
10317.X00179145
10317.000046429
10317.000076700
10317.000059154
10317.000026190
10317.000112806
10317.000033765
10317.000030441
10317.000050324
10317.X00229099
10317.0363213314
10317.000115335
10317.000157988
10317.X00178219
10317.000084587
10317.000076611
10317.X00191943
10317.000020716
10317.000113023
10317.000030954
10317.000068291
10317.000108424
10317.000059161
10317.000090510
10317.000042746
10317.000027682
10317.000090165
10317.000063030
10317.000036181
10317.X00191094
10317.000029336
10317.000032819
10317.0363183031
10317.000020787
10317.000079439
10317.000074272
10317.000030116
10317.000029558
10317.000101096
10317.000022266
10317.000039852
10317.000084287
10317.000036415
10317.000082907
10317.000076191
10317.000082715
10317.X00167202
10317.000097693
10317.000075883
10317.000066695
10317.000067800
10317.000092861
10317.000010331
10317.000076519
10317.000105838
10317.000031134
10317.000092707
10317.000042590
10317.X00180125
10317.000020774
10317.000083141
10317.000058986
10317.000090180
10317.000085154
10317.000066895
10317.000074232
10317.000014871
10317.000115451
10317.000072194
10317.000021980
10317.0363215839
10317.000033104
10317.000016012
10317.000039860
10317.000067225
10317.0363182614
10317.DM2483669
10317.000030303
10317.000026617
10317.000035272
10317.0363215313
10317.000023474
10317.000068079
10317.X00183727
10317.X00173237
10317.000094722
10317.000046646
10317.000052852
10317.000032710
10317.000114402
10317.000023063
10317.000030242
10317.000084677
10317.000098795
10317.000026460
10317.000092836
10317.000037952
10317.000067948
10317.000028804
10317.X00214220
10317.000114515
10317.000107358
10317.000046236
10317.000010218
10317.000076606
10317.000101329
10317.000069831
10317.000030953
10317.000047408
10317.000054301
10317.000032755
10317.000145613
10317.000067810
10317.000066545
10317.000046873
10317.000028658
10317.000103700
10317.000027236
10317.X00183172
10317.X00173171
10317.000092868
10317.X00179769
10317.000059979
10317.X00179309
10317.000101029
10317.000023470
10317.X00215206
10317.000018440
10317.000028676
10317.000029407
10317.000098883
10317.000097855
10317.000031383
10317.000075904
10317.X00213994
10317.X00179078
10317.DM2666838
10317.000108372
10317.000102766
10317.000040057
10317.000116384
10317.X00178590
10317.000067807
10317.000094695
10317.000038482
10317.000054234
10317.000020509
10317.0363182695
10317.000031872
10317.000101195
10317.000039866
10317.000047448
10317.000111916
10317.DM2383996
10317.000097327
10317.000023831
10317.X00179340
10317.X00215609
10317.000154889
10317.000002319
10317.000075874
10317.000031563
10317.000020099
10317.000079035
10317.000107288
10317.000036858
10317.X00180502
10317.X00179864
10317.000050164
10317.0363172840
10317.X00181086
10317.000052012
10317.000148823
10317.000067470
10317.000113633
10317.000102716
10317.000040074
10317.000115124
10317.000030166
10317.000067799
10317.000058975
10317.000065916
10317.000058534
10317.000114300
10317.000087672
10317.000027372
10317.000109036
10317.000030204
10317.X00215336
10317.000092929
10317.X00185706
10317.000031501
10317.000097995
10317.000038186
10317.000101172
10317.000107711
10317.000070684
10317.000058478
10317.000054163
10317.000050801
10317.000023611
10317.000023856
10317.000054014
10317.000039937
10317.000049843
10317.000073355
10317.000107598
10317.000108611
10317.X00179501
10317.000038024
10317.000069734
10317.000079423
10317.000103790
10317.000102626
10317.000097219
10317.000020478
10317.000047428
10317.000068602
10317.000101134
10317.000107299
10317.000069303
10317.000027284
10317.000020790
10317.000020667
10317.000076326
10317.000054208
10317.000060368
10317.000074368
10317.000042696
10317.X00180279
10317.000151038
10317.000038207
10317.DM2436933
10317.000041642
10317.000071581
10317.000023590
10317.000034117
10317.000069231
10317.DM2939964
10317.000115460
10317.000023747
10317.000052165
10317.000048948
10317.000100482
10317.000066882
10317.000073892
10317.000092683
10317.000105286
10317.000105565
10317.000054186
10317.DM2683988
10317.000042765
10317.X00180038
10317.000068759
10317.000032635
10317.000092890
10317.000060252
10317.000071945
10317.000097286
10317.000071396
10317.000116381
10317.000036680
10317.000102742
10317.000106609
10317.000115418
10317.000065427
10317.000073858
10317.000015505
10317.X00167898
10317.000065518
10317.000108101
10317.X00180322
10317.000107981
10317.0363172877
10317.000102834
10317.000058746
10317.000058774
10317.000020579
10317.000050341
10317.000105320
10317.000110516
10317.000097659
10317.000038272
10317.000090039
10317.000054140
10317.000102988
10317.000107274
10317.000022552
10317.000001175
10317.000101067
10317.000039731
10317.000089382
10317.000029415
10317.000054161
10317.X00214162
10317.000069873
10317.X00183728
10317.000068476
10317.X00230280
10317.DM2883934
10317.000026026
10317.X00167251
10317.000047175
10317.000020468
10317.000079839
10317.000067791
10317.000051184
10317.000072042
10317.000032712
10317.000028215
10317.000039938
10317.000020512
10317.000101019
10317.000113045
10317.0363182852
10317.000101312
10317.000090058
10317.000098683
10317.000053377
10317.000106649
10317.X00214723
10317.000072610
10317.000089968
10317.000031260
10317.000047218
10317.000101147
10317.000099151
10317.000048291
10317.000107305
10317.X00175888
10317.000027574
10317.000112956
10317.000001820
10317.X00178079
10317.000108773
10317.000010212
10317.000026057
10317.000098178
10317.X00179601
10317.000110406
10317.000033740
10317.0363157898
10317.X00179178
10317.000033709
10317.000108984
10317.000157985
10317.DM2668399
10317.000012132
10317.000038379
10317.000072362
10317.000072177
10317.0363183179
10317.000069155
10317.000082831
10317.X00191384
10317.000059220
10317.000102863
10317.000047180
10317.000044368
10317.000072386
10317.000092774
10317.000108180
10317.000022192
10317.X00179546
10317.000046443
10317.000031893
10317.000098998
10317.000053348
10317.000082670
10317.000036141
10317.000101087
10317.X00178981
10317.000054330
10317.000032795
10317.X00180375
10317.000047948
10317.000038256
10317.000070829
10317.000072155
10317.X00169632
10317.000032935
10317.000026537
10317.000098177
10317.000115574
10317.000034249
10317.000052374
10317.000156101
10317.000112989
10317.000065301
10317.000020793
10317.X00167288
10317.000027268
10317.000030032
10317.000059986
10317.0363173171
10317.000038047
10317.000033170
10317.000110087
10317.000037508
10317.X00185658
10317.000069598
10317.X00176755
10317.000110126
10317.X00171451
10317.000110515
10317.000022240
10317.000048393
10317.000058960
10317.000085141
10317.X00180185
10317.X00214168
10317.000005990
10317.DM2998884
10317.000031005
10317.0363184938
10317.X00214519
10317.X00167780
10317.X00185724
10317.000074253
10317.000052449
10317.000068080
10317.000082800
10317.X00214177
10317.000020412
10317.000030457
10317.000094648
10317.000034191
10317.000100426
10317.000082547
10317.000105964
10317.000029155
10317.000058862
10317.X00214574
10317.000108837
10317.000035402
10317.000157592
10317.000109776
10317.000051986
10317.000030349
10317.000047169
10317.X00176563
10317.X00214249
10317.000046884
10317.000074171
10317.000020469
10317.000093627
10317.000015310
10317.X00211404
10317.000113530
10317.000034229
10317.000101015
10317.000030282
10317.000026157
10317.000029348
10317.X00192573
10317.000039643
10317.000058512
10317.000051093
10317.000031476
10317.X00191889
10317.000035354
10317.000034228
10317.000021994
10317.000108665
10317.000020562
10317.000051557
10317.000101272
10317.X00215939
10317.000054273
10317.000034148
10317.000115318
10317.000105898
10317.000031782
10317.000052358
10317.000059976
10317.000040333
10317.000155661
10317.000022090
10317.000015861
10317.000101057
10317.000046647
10317.000058603
10317.000092982
10317.000052267
10317.000063130
10317.000023758
10317.000059859
10317.000115200
10317.000044558
10317.000102942
10317.000042624
10317.000109080
10317.000037937
10317.000065498
10317.0363183117
10317.000038268
10317.000089605
10317.000100508
10317.000087651
10317.000082924
10317.000097815
10317.000075880
10317.000109749
10317.000111923
10317.0363201801
10317.000089619
10317.000107352
10317.000046219
10317.X00186595
10317.X00179140
10317.000046871
10317.000020686
10317.000073579
10317.000040062
10317.000113521
10317.X00167866
10317.000051537
10317.000022151
10317.000097259
10317.000036980
10317.000052014
10317.DM2889433
10317.000149228
10317.000105290
10317.0363201762
10317.0363201756
10317.000032678
10317.000087123
10317.000092771
10317.000058721
10317.000052258
10317.000113745
10317.000030020
10317.X00177931
10317.000023121
10317.000029315
10317.000036159
10317.000083062
10317.000030552
10317.000036126
10317.000069608
10317.000092706
10317.000068078
10317.000066669
10317.000102865
10317.000029197
10317.000098955
10317.X00179341
10317.X00179387
10317.000111253
10317.000052254
10317.000105363
10317.000047536
10317.000107556
10317.000113777
10317.000068657
10317.000046096
10317.000072232
10317.000079394
10317.DM2449394
10317.X00190856
10317.X00214089
10317.000113795
10317.000066605
10317.000029337
10317.000103103
10317.000050156
10317.000149040
10317.000030458
10317.000096763
10317.000065595
10317.000060260
10317.X00180451
10317.000113754
10317.000067485
10317.000054109
10317.000110403
10317.000155855
10317.X00164684
10317.000030153
10317.000053389
10317.000046249
10317.000074262
10317.000100392
10317.X00191354
10317.DM2646648
10317.000041960
10317.000111257
10317.000076373
10317.X00178436
10317.000083008
10317.000065742
10317.000032973
10317.000020685
10317.000074573
10317.000028233
10317.000071874
10317.000048330
10317.000041281
10317.000023230
10317.000063044
10317.000058820
10317.000046433
10317.000060294
10317.000105338
10317.000084376
10317.000089969
10317.X00183148
10317.000109771
10317.000106725
10317.X00214665
10317.000031297
10317.000115259
10317.000029512
10317.000074664
10317.000067471
10317.000031871
10317.000115328
10317.000069627
10317.000075876
10317.000073873
10317.000090130
10317.000108883
10317.000107649
10317.000029580
10317.000030309
10317.000065740
10317.000015878
10317.000105688
10317.000032729
10317.X00179645
10317.000109185
10317.000022545
10317.000116345
10317.000079832
10317.000022141
10317.000058823
10317.000023545
10317.X00215742
10317.000033497
10317.000039853
10317.000100991
10317.000149037
10317.000026134
10317.000112808
10317.000074566
10317.000110333
10317.000029469
10317.000029219
10317.000074505
10317.000087023
10317.000154706
10317.000039810
10317.X00215392
10317.000084524
10317.000023394
10317.X00179429
10317.000092728
10317.000101164
10317.000091072
10317.X00179871
10317.000102812
10317.000035441
10317.000033226
10317.000079817
10317.000105305
10317.000090018
10317.000065322
10317.000020551
10317.000046426
10317.000110520
10317.000039840
10317.000027306
10317.000022142
10317.000058469
10317.000032687
10317.000107365
10317.X00181113
10317.000065592
10317.000030012
10317.X00170880
10317.000062935
10317.X00215003
10317.000053353
10317.000084296
10317.X00235447
10317.000012738
10317.000149019
10317.000046316
10317.000028704
10317.000033390
10317.X00180308
10317.000097101
10317.X00180456
10317.DM2444889
10317.000012376
10317.000036685
10317.X00179472
10317.000093065
10317.000098040
10317.000036912
10317.000031806
10317.000115553
10317.000033478
10317.000065548
10317.000051180
10317.0363213293
10317.DM2986449
10317.000051165
10317.000060239
10317.000030648
10317.000058941
10317.000046321
10317.DM2968463
10317.X00179025
10317.000051116
10317.X00180202
10317.000065776
10317.000047756
10317.000073627
10317.X00180501
10317.000069200
10317.000068531
10317.000030672
10317.000067528
10317.000074444
10317.000065581
10317.000097622
10317.000052277
10317.000030039
10317.000030973
10317.000023745
10317.000022134
10317.000076661
10317.000023656
10317.0363213274
10317.000027826
10317.000105585
10317.000108762
10317.DM2386969
10317.000022518
10317.0363173809
10317.000020791
10317.000014401
10317.0363201795
10317.000108622
10317.000098169
10317.000105556
10317.000074612
10317.000058325
10317.000097758
10317.000067949
10317.000027676
10317.000052418
10317.000023783
10317.000106626
10317.000115435
10317.000015870
10317.000113723
10317.000037984
10317.000020496
10317.000074312
10317.000074258
10317.000065523
10317.000108030
10317.000097374
10317.000109759
10317.000114132
10317.000014984
10317.000038067
10317.000109161
10317.000060047
10317.000069391
10317.000069214
10317.000110042
10317.000051079
10317.0363183014
10317.000054232
10317.000108290
10317.000001417
10317.000051248
10317.000054056
10317.000038121
10317.000109979
10317.000115077
10317.000082710
10317.000073631
10317.DM2646863
10317.000089558
10317.000110433
10317.X00183729
10317.X00176739
10317.000042935
10317.000020350
10317.000109244
10317.X00181188
10317.000101273
10317.000082684
10317.000042728
10317.000067952
10317.000093644
10317.000110425
10317.000030586
10317.000068603
10317.000034153
10317.000108664
10317.000036677
10317.000065340
10317.000039770
10317.000054230
10317.000079459
10317.000012311
10317.000052274
10317.000046183
10317.000029237
10317.000036670
10317.X00177940
10317.000051090
10317.000022135
10317.000115179
10317.000023635
10317.000108408
10317.X00179702
10317.000065403
10317.000084362
10317.000065517
10317.000097952
10317.000033103
10317.000106816
10317.000102717
10317.000041258
10317.000015922
10317.000038175
10317.000022424
10317.000106222
10317.000115394
10317.X00163182
10317.000046435
10317.000035427
10317.000042018
10317.000026055
10317.000052240
10317.000071951
10317.000046629
10317.000014961
10317.X00191339
10317.000003098
10317.000036928
10317.X00229082
10317.000105348
10317.000065713
10317.000058797
10317.000011247
10317.000084530
10317.X00179416
10317.X00215116
10317.000027283
10317.000071590
10317.000101043
10317.000071419
10317.000105345
10317.000052040
10317.X00178372
10317.000036673
10317.000031341
10317.000033094
10317.000115505
10317.000032955
10317.000066694
10317.000146751
10317.X00182272
10317.000087021
10317.000031001
10317.000082552
10317.000084525
10317.000102918
10317.000060365
10317.X00180224
10317.000046387
10317.000114788
10317.000032939
10317.000108080
10317.000113593
10317.000026521
10317.000054052
10317.000107476
10317.X00180302
10317.000051578
10317.000074866
10317.000109824
10317.X00179567
10317.000027597
10317.000033100
10317.000110058
10317.DM2839638
10317.000023452
10317.000111029
10317.000028393
10317.000069867
10317.000036967
10317.000028127
10317.000034128
10317.000089629
10317.000071496
10317.000059853
10317.000020339
10317.000110195
10317.000047539
10317.000023618
10317.000040164
10317.000106621
10317.000106849
10317.000030452
10317.000050649
10317.000114513
10317.000030220
10317.X00181131
10317.000087075
10317.000065789
10317.X00235267
10317.000111335
10317.000013975
10317.X00169534
10317.000037989
10317.000038090
10317.000070081
10317.000011143
10317.000109844
10317.000040125
10317.000068071
10317.000040106
10317.000041334
10317.000023544
10317.000101076
10317.000108031
10317.X00176519
10317.000048346
10317.000085102
10317.000084655
10317.000051144
10317.000107417
10317.000051584
10317.000066454
10317.000101031
10317.000051166
10317.000033382
10317.000035484
10317.000066902
10317.000047672
10317.000040396
10317.000109747
10317.000058827
10317.000100987
10317.000046877
10317.000108522
10317.000074489
10317.000107636
10317.X00175041
10317.000046894
10317.000108704
10317.000026099
10317.000058988
10317.X00215442
10317.000030041
10317.000111329
10317.X00185590
10317.0363172903
10317.000110564
10317.000058743
10317.000046895
10317.000033559
10317.000112807
10317.000046880
10317.X00214523
10317.X00215852
10317.000039905
10317.000037949
10317.000030164
10317.000092932
10317.X00190632
10317.000031420
10317.000067696
10317.000103838
10317.000046421
10317.000074307
10317.000065471
10317.000059911
10317.000005042
10317.000115133
10317.000027909
10317.000013340
10317.DM2668386
10317.000023663
10317.000102661
10317.0363182711
10317.000001833
10317.000076676
10317.000011291
10317.000054117
10317.000022116
10317.000028703
10317.000071984
10317.000027859
10317.000060041
10317.X00235341
10317.000035350
10317.X00180390
10317.000050235
10317.X00185670
10317.000097888
10317.000038356
10317.DM2466999
10317.000067984
10317.000023247
10317.0363183127
10317.000033085
10317.000023716
10317.000053402
10317.000029439
10317.X00214726
10317.000072242
10317.000023668
10317.000102801
10317.000035485
10317.000058838
10317.000079380
10317.000102802
10317.000109243
10317.000083145
10317.000075988
10317.000060328
10317.000027562
10317.000107498
10317.000092941
10317.DM2838889
10317.000073613
10317.000047571
10317.000108932
10317.000070621
10317.000033029
10317.000030077
10317.X00180219
10317.000107555
10317.X00165209
10317.0363201810
10317.000079409
10317.000071541
10317.000079435
10317.000101028
10317.000090115
10317.000098125
10317.000030148
10317.000043104
10317.000069385
10317.000030999
10317.0363182714
10317.X00179653
10317.X00178962
10317.000097777
10317.000101337
10317.000089207
10317.000038068
10317.DM2683664
10317.X00176727
10317.000039819
10317.000082544
10317.000060291
10317.X00170970
10317.000059012
10317.000072600
10317.X00185508
10317.000037490
10317.000111028
10317.000107784
10317.000067727
10317.000001619
10317.X00179975
10317.000028875
10317.000105310
10317.000089552
10317.000110363
10317.000032732
10317.000092924
10317.000098206
10317.000108824
10317.X00183166
10317.000030379
10317.000021635
10317.000090176
10317.000062157
10317.000084342
10317.000067916
10317.000014115
10317.X00180539
10317.000065295
10317.000027907
10317.000066879
10317.000101246
10317.000046348
10317.000083010
10317.000043072
10317.000013113
10317.000063331
10317.X00179029
10317.000047903
10317.000059068
10317.000084502
10317.000041885
10317.000111921
10317.000114378
10317.000046349
10317.X00185665
10317.000003235
10317.000022923
10317.DM2883966
10317.000038118
10317.000107110
10317.000028557
10317.000107326
10317.X00180424
10317.000038246
10317.000041761
10317.000068701
10317.000063589
10317.000060270
10317.000038201
10317.000048345
10317.000058349
10317.X00178942
10317.000050233
10317.000084363
10317.000071385
10317.000038289
10317.000046444
10317.000072595
10317.000029513
10317.0363184964
10317.000066643
10317.000072246
10317.000059995
10317.000018441
10317.X00179117
10317.000021688
10317.000116297
10317.000066471
10317.000049126
10317.000069396
10317.000106423
10317.000033207
10317.000023901
10317.000079838
10317.000106390
10317.000074849
10317.000097200
10317.000021950
10317.000031555
10317.000067508
10317.DM2449386
10317.000074843
10317.000108521
10317.000046882
10317.000074765
10317.000053332
10317.000102622
10317.000097189
10317.000100512
10317.000060020
10317.000048357
10317.000023840
10317.000105546
10317.X00179883
10317.000053327
10317.X00191185
10317.000084331
10317.000068039
10317.000028180
10317.000097366
10317.000065782
10317.X00172604
10317.000031015
10317.000074265
10317.000082721
10317.000108038
10317.DM2936484
10317.000060049
10317.000030459
10317.000066913
10317.000058695
10317.000090159
10317.DM2893663
10317.000092679
10317.X00179993
10317.000023214
10317.DM2998896
10317.X00211840
10317.000098929
10317.000065304
10317.000020456
10317.000105339
10317.000039862
10317.X00214309
10317.000082813
10317.000043132
10317.000074157
10317.0363196904
10317.000099024
10317.000023349
10317.000028857
10317.000040184
10317.000046442
10317.000066786
10317.000074238
10317.000063282
10317.X00179605
10317.000028107
10317.000039801
10317.X00214068
10317.DM2496469
10317.000107982
10317.000070834
10317.X00167095
10317.000068283
10317.000074693
10317.000082898
10317.000103725
10317.DM2693386
10317.000050242
10317.000048368
10317.000067678
10317.000040110
10317.0363183120
10317.DM2638988
10317.000154661
10317.000100364
10317.X00179220
10317.000102978
10317.X00180217
10317.000058342
10317.000085082
10317.0363213334
10317.000047609
10317.X00162297
10317.000074411
10317.000033576
10317.X00179470
10317.000073789
10317.000107141
10317.000072573
10317.000052382
10317.X00180350
10317.000030522
10317.000020446
10317.000099183
10317.X00179172
10317.X00161505
10317.000041654
10317.000059932
10317.000032662
10317.000110023
10317.000108279
10317.000101317
10317.000067934
10317.000023824
10317.000068286
10317.000021154
10317.000046125
10317.000105615
10317.000105570
10317.DM2493486
10317.X00167795
10317.000020773
10317.000030509
10317.000048334
10317.000060314
10317.0363182675
10317.000067506
10317.000022668
10317.000046164
10317.000028080
10317.000115557
10317.000021259
10317.000023327
10317.000107534
10317.000033481
10317.000065501
10317.000031793
10317.000076166
10317.000074313
10317.X00235235
10317.000028904
10317.000050624
10317.000032619
10317.000082548
10317.000076359
10317.000029481
10317.000052283
10317.000073752
10317.000031164
10317.000027810
10317.000065329
10317.000079816
10317.000100471
10317.000089695
10317.000082960
10317.0363184935
10317.000073607
10317.000076502
10317.000039753
10317.000060001
10317.000073383
10317.000114807
10317.000106258
10317.000065468
10317.0363201230
10317.000115299
10317.X00166567
10317.000051155
10317.000052259
10317.000106408
10317.000053482
10317.000054209
10317.000099177
10317.000106594
10317.000021533
10317.000092910
10317.000044360
10317.000059991
10317.000012879
10317.000110405
10317.000033745
10317.000062911
10317.000030186
10317.000058412
10317.000035170
10317.000066900
10317.000115082
10317.000039597
10317.000040319
10317.000066975
10317.000030961
10317.000072599
10317.X00215618
10317.000076384
10317.X00185652
10317.000014407
10317.000103738
10317.000090026
10317.000022065
10317.000012747
10317.000048329
10317.000023232
10317.000026580
10317.000063022
10317.000002034
10317.000062170
10317.000039988
10317.000030549
10317.000148814
10317.000046893
10317.X00178485
10317.000102705
10317.000062934
10317.X00185796
10317.000026014
10317.000108035
10317.000010816
10317.000030221
10317.000111331
10317.000058550
10317.000029177
10317.000082955
10317.000105637
10317.000001656
10317.000105367
10317.X00179654
10317.000065788
10317.000046634
10317.000068437
10317.000027898
10317.000106246
10317.000029531
10317.000027316
10317.000097399
10317.000060059
10317.000073572
10317.000063127
10317.000027231
10317.000041573
10317.000111322
10317.X00183726
10317.000020594
10317.000037558
10317.000023224
10317.000058630
10317.000038307
10317.000016331
10317.000106732
10317.000087650
10317.000109803
10317.000097190
10317.000093433
10317.X00230381
10317.000073766
10317.000038187
10317.000076484
10317.000048121
10317.000111920
10317.000076629
10317.000042707
10317.000029631
10317.000065402
10317.000103733
10317.000026054
10317.000028417
10317.000069302
10317.000038327
10317.000150041
10317.000029158
10317.000113523
10317.000027598
10317.000046303
10317.X00214284
10317.000034245
10317.000046257
10317.000079015
10317.000030104
10317.000099155
10317.000038346
10317.000108207
10317.000110124
10317.000046656
10317.000059050
10317.DM2649939
10317.000106395
10317.000084311
10317.000090019
10317.000021257
10317.000032897
10317.000053382
10317.000113024
10317.000082799
10317.000042651
10317.000103758
10317.000100509
10317.000021158
10317.000043080
10317.000014149
10317.000031088
10317.000113660
10317.000046431
10317.000021153
10317.000098740
10317.000046430
10317.000110850
10317.000098176
10317.X00191342
10317.000111109
10317.DM2369396
10317.000069758
10317.000010340
10317.000097740
10317.X00176611
10317.000030466
10317.000037599
10317.X00230531
10317.X00179361
10317.000032957
10317.000036392
10317.000038215
10317.000106252
10317.000108503
10317.000102903
10317.000027666
10317.000087297
10317.000103658
10317.000042614
10317.X00164198
10317.000042744
10317.000151056
10317.000028940
10317.000022023
10317.000067003
10317.000058786
10317.000011984
10317.000063035
10317.X00179277
10317.000087037
10317.0363184940
10317.0363183144
10317.X00215847
10317.DM2434348
10317.000040111
10317.0363215316
10317.000043105
10317.000030342
10317.000066989
10317.X00179303
10317.000101304
10317.000074387
10317.000069747
10317.000087041
10317.000102940
10317.000107517
10317.000026654
10317.000112930
10317.000071851
10317.DM2344483
10317.000035761
10317.X00179904
10317.000067527
10317.000110513
10317.000033194
10317.000110561
10317.000014963
10317.000042747
10317.X00183179
10317.000032664
10317.000001040
10317.000074733
10317.000107790
10317.000020592
10317.000065412
10317.000035355
10317.0363213310
10317.000031840
10317.000047775
10317.000110845
10317.000038435
10317.X00163981
10317.000058693
10317.000102839
10317.0363183151
10317.000029378
10317.000029311
10317.000030974
10317.000108547
10317.000039658
10317.000022916
10317.000106432
10317.000074266
10317.000066652
10317.X00215818
10317.DM2693689
10317.X00214276
10317.000103712
10317.000030132
10317.000035455
10317.000072283
10317.000052490
10317.000029301
10317.000028797
10317.000046441
10317.000109840
10317.X00180266
10317.X00181263
10317.X00213984
10317.000020392
10317.X00191709
10317.0363213317
10317.000050848
10317.000020785
10317.DM2938983
10317.000067812
10317.000066670
10317.000109842
10317.000030577
10317.000031335
10317.X00179126
10317.000046119
10317.000023025
10317.000066554
10317.000094715
10317.000109167
10317.000103741
10317.000062947
10317.000116394
10317.000091045
10317.000023948
10317.000046422
10317.DM2368439
10317.000069276
10317.X00214670
10317.000067792
10317.000084293
10317.000099022
10317.000093649
10317.000097214
10317.000066639
10317.000092784
10317.000022118
10317.000072104
10317.000020801
10317.X00183150
10317.000031006
10317.000074709
10317.000065910
10317.000013008
10317.000115278
10317.000087234
10317.000023829
10317.000155858
10317.000013441
10317.000084236
10317.000067982
10317.000109773
10317.000037953
10317.000042928
10317.000058831
10317.000023649
10317.DM2398399
10317.000073811
10317.000054064
10317.000030695
10317.000065568
10317.000046248
10317.000046642
10317.000020341
10317.X00214194
10317.000110559
10317.DM2489439
10317.000063091
10317.X00191369
10317.000047189
10317.000075871
10317.000028082
10317.000020458
10317.000035459
10317.X00166299
10317.000041300
10317.000108477
10317.000098171
10317.000072182
10317.X00179770
10317.000023046
10317.000027853
10317.000041329
10317.000020577
10317.DM2839338
10317.000069740
10317.000069689
10317.000028246
10317.X00185845
10317.000035436
10317.000069148
10317.000059981
10317.000028439
10317.000110454
10317.000092740
10317.000106724
10317.000076643
10317.000110468
10317.000038051
10317.000154985
10317.000028266
10317.000032627
10317.000046872
10317.000106866
10317.000087630
10317.0363173172
10317.000068702
10317.000116601
10317.000052020
10317.000039641
10317.X00215088
10317.000089370
10317.000110106
10317.000073334
10317.000108497
10317.000152271
10317.000072107
10317.000110358
10317.000032716
10317.000060229
10317.000049983
10317.000031492
10317.X00215863
10317.X00179414
10317.000099245
10317.000111917
10317.000054270
10317.000032866
10317.000094608
10317.X00183167
10317.000066567
10317.000106648
10317.000028622
10317.000072120
10317.000114481
10317.000047675
10317.X00180439
10317.000020524
10317.000027326
10317.000046251
10317.000058776
10317.000070823
10317.000068688
10317.000026034
10317.000041950
10317.000032653
10317.000046420
10317.000146412
10317.000116155
10317.000038454
10317.000028652
10317.000046886
10317.000062939
10317.000071929
10317.X00235226
10317.000030674
10317.X00180043
10317.DM2994363
10317.000116347
10317.000009583
10317.000084443
10317.DM2634499
10317.000067981
10317.000022654
10317.000036048
10317.000069177
10317.000069310
10317.X00163643
10317.000058755
10317.0363196870
10317.000082819
10317.000046896
10317.000030218
10317.000038375
10317.000107450
10317.000102894
10317.000089663
10317.000054120
10317.000110155
10317.000071479
10317.000029472
10317.DM2436836
10317.000052221
10317.000026101
10317.X00179169
10317.X00179804
10317.000030471
10317.000030026
10317.000079793
10317.000073376
10317.000074431
10317.000046891
10317.000097950
10317.000029393
10317.000014204
10317.000001483
10317.000026053
10317.000028486
10317.000022968
10317.000089635
10317.000151005
10317.X00185830
10317.DM2836338
10317.DM2439333
10317.X00214853
10317.000033290
10317.0363182700
10317.000022137
10317.000102629
10317.000069847
10317.X00179445
10317.000097333
10317.000099043
10317.000032646
10317.000074844
10317.000103042
10317.000023095
10317.000033583
10317.000110400
10317.000112777
10317.000066504
10317.000052074
10317.000066594
10317.X00179502
10317.000028653
10317.0363201170
10317.000093109
10317.000108627
10317.000068757
10317.000110144
10317.000037991
10317.000107957
10317.000039605
10317.DM2633893
10317.000046879
10317.000103774
10317.000062132
10317.X00179728
10317.X00182283
10317.000060307
10317.000102624
10317.000087285
10317.000041661
10317.000030467
10317.000046272
10317.000046649
10317.000031825
10317.000079118
10317.000029596
10317.000109135
10317.000097819
10317.000076665
10317.000107626
10317.000032877
10317.000151316
10317.000032772
10317.000070705
10317.000078795
10317.000047942
10317.000030965
10317.000071885
10317.000052181
10317.000026426
10317.000046889
10317.000031837
10317.000027349
10317.000039514
10317.X00215843
10317.000090813
10317.000111025
10317.000097633
10317.000074586
10317.000054100
10317.000098713
10317.000041296
10317.000052031
10317.000032656
10317.000031835
10317.0363182697
10317.X00214101
10317.000108419
10317.000092869
10317.000115180
10317.000076501
10317.000029452
10317.000071478
10317.000101393
10317.000070847
10317.000076478
10317.000039691
10317.000026527
10317.000115324
10317.000013287
10317.000097736
10317.000150065
10317.000050257
10317.0363182591
10317.000106435
10317.000033716
10317.X00180465
10317.000030213
10317.000020602
10317.X00179740
10317.X00179033
10317.000114390
10317.000109800
10317.000152766
10317.000065432
10317.000031892
10317.000115488
10317.000026422
10317.000110444
10317.000022670
10317.000051245
10317.000036717
10317.000032727
10317.000017620
10317.000043142
10317.000098168
10317.000038332
10317.DM2894438
10317.000023217
10317.000092721
10317.X00183171
10317.000101071
10317.000023133
10317.000022918
10317.000026011
10317.X00230296
10317.000108526
10317.000074426
10317.000083143
10317.000050217
10317.000108909
10317.000111919
10317.000031924
10317.000074212
10317.000107856
10317.000033108
10317.000030702
10317.000031429
10317.000070663
10317.000109018
10317.000111332
10317.000013532
10317.000017712
10317.X00179609
10317.000033701
10317.000115341
10317.000044279
10317.000102915
10317.000107112
10317.000113031
10317.000038084
10317.000046654
10317.000087669
10317.000020052
10317.000155183
10317.000042706
10317.000072253
10317.000109727
10317.000058969
10317.000047673
10317.000032817
10317.000107789
10317.000082906
10317.X00230313
10317.000071443
10317.000068084
10317.000067675
10317.000032747
10317.000016317
10317.000035461
10317.000110079
10317.000022406
10317.000047653
10317.000013515
10317.X00173921
10317.000032663
10317.000109774
10317.000114511
10317.000074298
10317.000047612
10317.000058863
10317.000038005
10317.000026195
10317.000028710
10317.X00214187
10317.000035364
10317.000071932
10317.0363156792
10317.000082561
10317.000042933
10317.000147921
10317.000115515
10317.X00214836
10317.000103734
10317.000030601
10317.000073628
10317.000115068
10317.000066875
10317.000076739
10317.X00179108
10317.X00180530
10317.000052243
10317.000002033
10317.000050986
10317.X00180236
10317.000099244
10317.000030484
10317.000101128
10317.000023003
10317.000040027
10317.000050239
10317.000098332
10317.000087682
10317.000036849
10317.000074667
10317.X00215090
10317.000071981
10317.000017709
10317.000074636
10317.000031386
10317.000100423
10317.000102869
10317.000027753
10317.000107480
10317.X00175591
10317.000111326
10317.000089377
10317.X00215670
10317.000038228
10317.DM2434399
10317.DM2948996
10317.000115517
10317.000113571
10317.000012284
10317.000113082
10317.000079141
10317.000114804
10317.000046425
10317.X00215236
10317.000027375
10317.X00167726
10317.000092769
10317.X00180337
10317.000074184
10317.000027229
10317.000110340
10317.000028962
10317.000090974
10317.000047216
10317.000020498
10317.000068082
10317.000105538
10317.000107047
10317.000033140
10317.000076648
10317.000059982
10317.000114497
10317.000072576
10317.000030142
10317.X00185827
10317.000102723
10317.000046881
10317.X00179186
10317.000032841
10317.000023880
10317.000027755
10317.X00235354
10317.000034154
10317.000157811
10317.X00215074
10317.000105372
10317.000062973
10317.000100399
10317.000098822
10317.000014564
10317.000073592
10317.000108701
10317.000110094
10317.X00176781
10317.000038343
10317.000033333
10317.000067526
10317.000112932
10317.000074611
10317.000074671
10317.000027243
10317.000020335
10317.000052177
10317.000039522
10317.000038229
10317.000084417
10317.DM2886884
10317.000058498
10317.000054154
10317.000035468
10317.000098745
10317.X00214562
10317.000084312
10317.X00191350
10317.000046072
10317.000150645
10317.X00190954
10317.000060007
10317.000039567
10317.000111251
10317.000074710
10317.000071476
10317.000032915
10317.X00190492
10317.000035480
10317.000050032
10317.000115120
10317.000073869
10317.000033562
10317.000067006
10317.000108582
10317.000054303
10317.X00179302
10317.000070844
10317.0363173573
10317.X00174588
10317.000023634
10317.X00166146
10317.000060018
10317.0363201205
10317.000066606
10317.000017765
10317.000028784
10317.X00179938
10317.000032881
10317.000068697
10317.X00179574
10317.000023543
10317.000046638
10317.X00191379
10317.000046424
10317.000021285
10317.000115192
10317.000030023
10317.X00179497
10317.000048364
10317.000116582
10317.000154733
10317.000038147
10317.000054025
10317.0363201809
10317.X00180126
10317.000051241
10317.000103792
10317.000023532
10317.000078790
10317.000063568
10317.000037963
10317.000030956
10317.000030382
10317.000072555
10317.000042610
10317.000030159
10317.000046633
10317.000074379
10317.000039745
10317.000072544
10317.000041545
10317.000108058
10317.000030230
10317.000107470
10317.000107119
10317.000023841
10317.000085120
10317.000079064
10317.X00229077
10317.000073399
10317.000106270
10317.000030424
10317.000046346
10317.000087073
10317.000098915
10317.000112810
10317.000036144
10317.000034232
10317.000054129
10317.DM2993944
10317.000038054
10317.000109902
10317.000020788
10317.000097876
10317.000050234
10317.0363201234
10317.000116404
10317.000092980
10317.000059163
10317.000092649
10317.DM2348648
10317.X00180300
10317.X00179019
10317.X00179137
10317.000105760
10317.X00215467
10317.000028918
10317.000076331
10317.000073258
10317.X00185712
10317.000106811
10317.000082692
10317.000023591
10317.000066544
10317.000040153
10317.000072420
10317.000032666
10317.000098704
10317.000047201
10317.X00175307
10317.000115146
10317.000106444
10317.X00166798
10317.000066936
10317.000065299
10317.000076300
10317.000038176
10317.000046383
10317.000058612
10317.000058497
10317.000066922
10317.000009007
10317.0363183063
10317.000020060
10317.X00180464
10317.000050605
10317.000084347
10317.000046874
10317.0363172932
10317.000093567
10317.000023537
10317.000109137
10317.000068685
10317.000093101
10317.000154617
10317.000076351
10317.000052199
10317.000094725
10317.X00191952
10317.000033480
10317.000026541
10317.000047773
10317.DM2998894
10317.000089406
10317.X00180167
10317.X00174067
10317.X00214738
10317.000020771
10317.000035377
10317.000046875
10317.000059967
10317.000036160
10317.000051115
10317.X00179704
10317.X00214393
10317.000058884
10317.000058402
10317.000030693
10317.000082669
10317.0363184955
10317.X00191853
10317.000054282
10317.000054315
10317.000065538
10317.000108903
10317.000113940
10317.X00215685
10317.000107664
10317.000054008
10317.000082722
10317.000052030
10317.X00229104
10317.X00176777
10317.000107362
10317.000071387
10317.000074433
10317.X00167425
10317.000106823
10317.X00183730
10317.000053479
10317.000157526
10317.000050265
10317.X00215680
10317.000115198
10317.000040378
10317.X00215517
10317.000093085
10317.000049929
10317.000007368
10317.000028730
10317.000038191
10317.000020495
10317.000062954
10317.000046870
10317.000041549
10317.000030018
10317.000058887
10317.000065665
10317.000020800
10317.000108672
10317.000027814
10317.000062298
10317.000038012
10317.000098691
10317.000097409
10317.000091037
10317.000028418
10317.000032799
10317.000030076
10317.000082682
10317.000079365
10317.000058353
10317.000050361
10317.000031494
10317.000026420
10317.000108383
10317.000110309
10317.000043089
10317.000023953
10317.DM2983636
10317.000072229
10317.000027665
10317.X00179089
10317.DM2343486
10317.000015845
10317.000072144
10317.0363201789
10317.X00180209
10317.000076200
10317.000052271
10317.000103735
10317.000047792
10317.000112961
10317.000045014
10317.000028488
10317.000084289
10317.000107675
10317.000031285
10317.000042729
10317.000027271
10317.000097283
10317.X00230284
10317.000109168
10317.000099101
10317.000092976
10317.DM2438946
10317.000079826
10317.000069199
10317.000029984
10317.000101010
10317.X00215763
10317.000071526
10317.000070820
10317.000046187
10317.000062993
10317.000030374
10317.000089614
10317.000112730
10317.000074233
10317.000108961
10317.X00179815
10317.X00180199
10317.000059875
10317.000092754
10317.0363156797
10317.X00214484
10317.000100424
10317.0363182649
10317.000023644
10317.000030667
10317.000033289
10317.X00179812
10317.000054072
10317.000043085
10317.000066988
10317.000110208
10317.000115135
10317.000110514
10317.X00181248
10317.000097332
10317.X00214830
10317.X00215202
10317.000037500
10317.000030358
10317.000110458
10317.000035396
10317.000094698
10317.000093399
10317.DM2483638
10317.0363182723
10317.000110630
10317.000059191
10317.000054187
10317.000108677
10317.000103839
10317.000014549
10317.000027220
10317.X00176569
10317.000039925
10317.000027784
10317.000051244
10317.000050336
10317.000092898
10317.000076754
10317.000043099
10317.000028591
10317.000078778
10317.000108040
10317.000115205
10317.000102738
10317.000047570
10317.000050259
10317.000098722
10317.000071942
10317.000097192
10317.000037532
10317.000037507
10317.000105359
10317.000060246
10317.000110846
10317.000115345
10317.000076483
10317.000022328
10317.000012253
10317.000074239
10317.X00169298
10317.000071869
10317.000108819
10317.000059221
10317.000113648
10317.000069176
10317.000022427
10317.0363173801
10317.000105491
10317.000106863
10317.000090941
10317.000152006
10317.000149708
10317.000106412
10317.000060302
10317.000023413
10317.000040073
10317.000047472
10317.000102651
10317.000039928
10317.000109222
10317.000023539
10317.000097205
10317.000107306
10317.000028714
10317.X00180491
10317.X00185854
10317.000105492
10317.000001792
10317.000059865
10317.000058788
10317.000072004
10317.000030279
10317.000030109
10317.000038297
10317.000021975
10317.DM2836683
10317.000040149
10317.000112965
10317.000060354
10317.000040394
10317.000072189
10317.DM2693484
10317.000042820
10317.000098127
10317.000098066
10317.000031821
10317.000066765
10317.000074855
10317.000111918
10317.X00214803
10317.000108595
10317.000069315
10317.000069821
10317.000098799
10317.000038099
10317.000039652
10317.000068414
10317.000102868
10317.X00235429
10317.0363172908
10317.000071417
10317.000013569
10317.000097104
10317.000098723
10317.000051573
10317.000041669
10317.000065876
10317.000100507
10317.000021692
10317.X00179843
10317.000046428
10317.000098035
10317.000037946
10317.000039861
10317.000047795
10317.000103675
10317.000026079
10317.000066910
10317.000154416
10317.000068596
10317.000047777
10317.000094639
10317.000069339
10317.DM2634933
10317.DM2443464
10317.000107979
10317.X00163025
10317.000033384
10317.000030546
10317.000071459
10317.000103050
10317.000010975
10317.000058606
10317.000022607
10317.000027299
10317.000060254
10317.X00215649
10317.000076301
10317.000090967
10317.000029458
10317.000115024
10317.000001755
10317.000101145
10317.000110518
10317.000052450
10317.000060057
10317.000115121
10317.000102785
10317.000076199
10317.000071896
10317.000020514
10317.000113060
10317.000038304
10317.000065702
10317.000030515
10317.000087646
10317.000033584
10317.000067487
10317.000041284
10317.000022658
10317.X00180021
10317.000060065
10317.000100444
10317.000031307
10317.0363184919
10317.000058811
10317.0363215293
10317.000070806
10317.000076491
10317.000114541
10317.000070804
10317.000062301
10317.X00214306
10317.000031933
10317.X00236844
10317.000058599
10317.X00162146
10317.000029442
10317.000036867
10317.000031450
10317.000154481
10317.000066628
10317.000065777
10317.000030405
10317.DM2486948
10317.000097328
10317.000074461
10317.X00179693
10317.DM2464336
10317.X00179543
10317.000071988
10317.000069686
10317.000014899
10317.X00179366
10317.000027796
10317.000023135
10317.000021986
10317.000022503
10317.000112776
10317.000033723
10317.0363183122
10317.000004858
10317.000098794
10317.000099279
10317.000021999
10317.000099252
10317.000051078
10317.000079404
10317.000039880
10317.000034641
10317.X00185731
10317.000085157
10317.000067936
10317.X00179070
10317.000001694
10317.000028239
10317.000106174
10317.X00214488
10317.000048394
10317.000049889
10317.000042848
10317.000046639
10317.000036885
10317.000102790
10317.000155906
10317.000098766
10317.000103682
10317.000036401
10317.X00230356
10317.X00215328
10317.000099163
10317.000073630
10317.000110176
10317.000093098
10317.000115143
10317.000100442
10317.000050283
10317.000052403
10317.X00185694
10317.000097347
10317.000066941
10317.000029334
10317.000114150
10317.000033396
10317.X00214791
10317.000068308
10317.000038295
10317.000114793
10317.000071497
10317.X00174580
10317.000107622
10317.000058367
10317.000002531
10317.000062171
10317.000108669
10317.000106397
10317.000068620
10317.000107332
10317.000031879
10317.X00214512
10317.000020489
10317.000111256
10317.000067958
10317.000026507
10317.000051022
10317.000112146
10317.000072137
10317.000011080
10317.000076756
10317.000106474
10317.X00230679
10317.000071975
10317.000105274
10317.DM2889944
10317.000034141
10317.DM2696364
10317.DM2638888
10317.000098968
10317.000029546
10317.000018352
10317.000029190
10317.000022950
10317.DM2983384
10317.000069658
10317.000072038
10317.X00213943
10317.000065691
10317.000092793
10317.000116295
10317.000068038
10317.0363183132
10317.000029331
10317.000046887
10317.000052330
10317.X00185626
10317.X00176631
10317.000108417
10317.000092719
10317.000074610
10317.000092737
10317.000023347
10317.000068237
10317.000112223
10317.X00176741
10317.000047473
10317.000066785
10317.000036906
10317.000068271
10317.000023358
10317.000069732
10317.000062272
10317.X00180321
10317.000099038
10317.000022372
10317.000022050
10317.000053310
10317.000051553
10317.000053410
10317.X00179929
10317.000031348
10317.000026467
10317.000069174
10317.000054203
10317.X00180542
10317.000099132
10317.000053405
10317.X00180285
10317.000041523
10317.000022488
10317.000115225
10317.000098760
10317.000059015
10317.000012069
10317.000090061
10317.DM2643838
10317.000092739
10317.000108676
10317.000030141
10317.000054235
10317.X00215806
10317.000046651
10317.000101185
10317.000028111
10317.000089636
10317.000098812
10317.000079424
10317.000113527
10317.000071402
10317.000114629
10317.000028961
10317.000042810
10317.000028744
10317.000046440
10317.0363201739
10317.000082966
10317.000022145
10317.X00180386
10317.000033507
10317.0363183110
10317.000020643
10317.000075887
10317.000111924
10317.0363174061
10317.000092846
10317.000149646
10317.000038426
10317.000073371
10317.000102787
10317.000027638
10317.000074221
10317.0363201167
10317.000089686
10317.000047176
10317.X00215612
10317.X00179954
10317.000018362
10317.000108502
10317.X00214767
10317.000108894
10317.000030183
10317.000090088
10317.000070687
10317.X00180426
10317.X00180461
10317.000092703
10317.000116585
10317.000033090
10317.X00215322
10317.000072089
10317.000075875
10317.000089325
10317.X00179241
10317.000068351
10317.DM2984689
10317.000047706
10317.0363182680
10317.000051132
10317.000074305
10317.000093064
10317.000046359
10317.000114438
10317.000030120
10317.000068822
10317.000027647
10317.X00181035
10317.000023203
10317.000098971
10317.000058371
10317.000002420
10317.000044418
10317.000076630
10317.X00173034
10317.000002908
10317.000008966
10317.000022001
10317.X00173631
10317.000033657
10317.X00179606
10317.000046263
10317.000107606
10317.000102927
10317.X00179630
10317.000111032
10317.000023005
10317.000022476
10317.000069600
10317.000022917
10317.000037605
10317.000105672
10317.000037964
10317.000065526
10317.000036104
10317.000023882
10317.000106387
10317.000066640
10317.0363215310
10317.000028234
10317.000053443
10317.000084188
10317.000074434
10317.000053371
10317.X00179362
10317.000028923
10317.000026424
10317.000114454
10317.000043188
10317.000109110
10317.000050266
10317.000106282
10317.000051561
10317.000073595
10317.X00176817
10317.000065741
10317.000072099
10317.000073536
10317.000073308
10317.000033764
10317.000012285
10317.0363215333
10317.X00179344
10317.X00180222
10317.000112143
10317.000099021
10317.000074404
10317.000031783
10317.000046290
10317.000043187
10317.000100510
10317.000087662
10317.000028908
10317.000032944
10317.000041167
10317.X00180999
10317.000073594
10317.000041277
10317.000060266
10317.000108886
10317.000152339
10317.0363215354
10317.000046361
10317.000036426
10317.000107250
10317.000079422
10317.000063064
10317.000018404
10317.0363201804
10317.000112239
10317.X00190758
10317.000052445
10317.000023846
10317.000031800
10317.000111327
10317.000038286
10317.000037597
10317.000046386
10317.000023801
10317.000013861
10317.000065893
10317.X00215822
10317.000031289
10317.000046885
10317.000029532
10317.X00214612
10317.000058734
10317.000039570
10317.000051159
10317.000022908
10317.000074352
10317.DM2833849
10317.000023651
10317.DM2368944
10317.000112682
10317.000062294
10317.X00215160
10317.000106625
10317.000026597
10317.000046378
10317.000015573
10317.000069418
10317.000112901
10317.000059988
10317.X00179432
10317.000040095
10317.X00235336
10317.000029293
10317.000018355
10317.000087301
10317.000098180
10317.X00180259
10317.000090146
10317.000027670
10317.000084498
10317.000098009
10317.DM2664438
10317.000072061
10317.000087104
10317.X00214996
10317.000054011
10317.X00231453
10317.000050644
10317.X00185600
10317.000065399
10317.000090052
10317.000074290
10317.000114090
10317.000113755
10317.000101007
10317.000067012
10317.000084501
10317.X00179549
10317.000069344
10317.000046883
10317.000067677
10317.000017272
10317.000074567
10317.000110209
10317.000114444
10317.000030181
10317.000051213
10317.000079420
10317.000114336
10317.X00179972
10317.000060037
10317.000108350
10317.000099088
10317.000028620
10317.000097792
10317.000099016
10317.DM2369439
10317.000101040
10317.X00178963
10317.000049911
10317.000082956
10317.000068239
10317.000069308
10317.000052175
10317.000020642
10317.000113592
10317.000079392
10317.000114536
10317.000037551
10317.000012309
10317.000042640
10317.000083125
10317.0363215301
10317.X00190828
10317.000058319
10317.000027307
10317.000110557
10317.X00215076
10317.000031894
10317.000029163
10317.000036724
10317.000036112
10317.000072402
10317.000076416
10317.000101181
10317.000028915
10317.X00179193
10317.000101050
10317.DM2368698
10317.000027732
10317.000023893
10317.000097733
10317.000093595
10317.000090149
10317.000116613
10317.000115540
10317.000058955
10317.X00173360
10317.X00185806
10317.000038406
10317.000031028
10317.0363201813
10317.000038130
10317.000112904
10317.000106952
10317.000028748
10317.000110356
10317.X00215075
10317.000076663
10317.000108248
10317.000070706
10317.000110266
10317.X00215501
10317.000103659
10317.000116587
10317.000089696
10317.000068619
10317.000083126
10317.000020599
10317.X00230727
10317.0363215337
10317.000033248
10317.000015510
10317.X00181125
10317.000110083
10317.000067809
10317.000074200
10317.000051256
10317.000115360
10317.000113778
10317.X00180373
10317.X00179231
10317.000102967
10317.000030476
10317.000040351
10317.000098990
10317.000030539
10317.000151413
10317.000093610
10317.000067808
10317.000022542
10317.000022558
10317.000097735
10317.000027256
10317.X00169663
10317.000093651
10317.X00214838
10317.000040347
10317.000089544
10317.000068276
10317.000030536
10317.000110057
10317.000114527
10317.000028269
10317.000027690
10317.000092669
10317.X00185608
10317.000103855
10317.000059971
10317.000023412
10317.000044340
10317.000110517
10317.000067673
10317.000028897
10317.000028223
10317.000090027
10317.000051134
10317.000093415
10317.000046418
10317.000062085
10317.000079016
10317.000067695
10317.000041290
10317.000039882
10317.000066794
10317.000107402
10317.000074276
10317.000050493
10317.000047772
10317.DM2838483
10317.000046636
10317.000076005
10317.000047395
10317.000067945
10317.000093407
10317.000046878
10317.000028655
10317.000041783
10317.000111254
10317.000048392
10317.000022400
10317.000067472
10317.000079811
10317.000110168
10317.000102902
10317.DM2433886
10317.000046631
10317.000068040
10317.000039920
10317.000100513
10317.000082926
10317.000020587
10317.000067507
10317.000098884
10317.000110461
10317.000028749
10317.X00177988
10317.X00183168
10317.000042654
10317.000103759
10317.000115323
10317.000031449
10317.000063101
10317.000066646
10317.000038115
10317.000150509
10317.000052127
10317.000074685
10317.000058749
10317.0363201825
10317.000059855
10317.X00179540
10317.000042660
10317.000083009
10317.000112289
10317.000058471
10317.000101081
10317.000089389
10317.000074585
10317.000033042
10317.000066754
10317.000094627
10317.000072180
10317.000046215
10317.000035348
10317.000011337
10317.000107975
10317.X00214396
10317.000068037
10317.000029460
10317.X00178995
10317.000032908
10317.0363197632
10317.000074841
10317.000079772
10317.000082968
10317.000062970
10317.0363201784
10317.000063027
10317.000026038
10317.000051171
10317.000013614
10317.000109176
10317.000065658
10317.000054098
10317.000087675
10317.0363201794
10317.000038389
10317.000075945
10317.X00169029
10317.000017214
10317.000082925
10317.000014195
10317.000002951
10317.000108694
10317.000076202
10317.000035393
10317.000039899
10317.000054275
10317.X00178688
10317.000054137
10317.000103661
10317.000050589
10317.000112963
10317.000036888
10317.000020403
10317.X00179146
10317.000054026
10317.000101298
10317.X00235240
10317.000015127
10317.000052241
10317.000052108
10317.000112778
10317.000068069
10317.000102741
10317.000074261
10317.000145668
10317.000116383
10317.000065664
10317.000001724
10317.000108652
10317.000054211
10317.X00185633
10317.000044303
10317.X00180430
10317.000115513
10317.000099109
10317.X00186540
10317.0363183387
10317.000108822
10317.000023867
10317.000017713
10317.000114670
10317.000050939
10317.000052147
10317.000023612
10317.000070801
10317.000072342
10317.DM2839988
10317.0363184918
10317.000106198
10317.000107293
10317.X00214476
10317.0363173221
10317.DM2994886
10317.000047725
10317.000073874
10317.000084578
10317.X00229091
10317.X00215552
10317.000092925
10317.X00214139
10317.000067694
10317.000098612
10317.000059968
10317.000105629
10317.000111031
10317.DM2333884
10317.000038112
10317.X00185851
10317.000110088
10317.DM2986893
10317.000082980
10317.000029477
10317.000100338
10317.000058513
10317.000110366
10317.000082908
10317.000092805
10317.X00179004
10317.000087036
10317.000033383
10317.X00181065
10317.000041291
10317.000050260
10317.000075881
10317.000031258
10317.000029488
10317.000052034
10317.000076751
10317.000029392
10317.000108853
10317.000067983
10317.000084536
10317.000112960
10317.000112727
10317.000053489
10317.000079386
10317.000051246
10317.000108977
10317.000065737
10317.000069388
10317.X00215875
10317.000093402
10317.000031073
10317.X00215475
10317.000013313
10317.000014187
10317.000110145
10317.000050974
10317.000017153
10317.000115531
10317.X00215373
10317.000087648
10317.000053418
10317.000027735
10317.000021293
10317.000073422
10317.000074496
10317.000115210
10317.000027358
10317.000050269
10317.000097799
10317.X00214973
10317.000028572
10317.000039713
10317.000154461
10317.000074447
10317.DM2898948
10317.000090177
10317.000069720
10317.000041330
10317.000059943
10317.000004057
10317.X00179306
10317.000028896
10317.000079069
10317.000072249
10317.000110127
10317.000076492
10317.000026048
10317.000014374
10317.DM2899486
10317.000092713
10317.000090105
10317.000026184
10317.000022608
10317.X00229187
10317.000109004
10317.X00214283
10317.X00179735
10317.000052187
10317.DM2496834
10317.000046648
10317.000101250
10317.000063588
10317.000029371
10317.000098087
10317.000046439
10317.000027912
10317.000113793
10317.X00183157
10317.000062142
10317.000042625
10317.000033095
10317.000067481
10317.000090971
10317.000040414
10317.000082798
10317.X00235796
10317.000031201
10317.000030426
10317.X00178421
10317.000021882
10317.000072022
10317.000030233
10317.000039834
10317.000023390
10317.0363183140
10317.000116375
10317.000082832
10317.000106388
10317.000030658
10317.000098039
10317.DM2444893
10317.000099002
10317.000012049
10317.000107577
10317.000050008
10317.000050340
10317.000046434
10317.000072080
10317.000050007
10317.000030030
10317.000108233
10317.000038192
10317.000151446
10317.000107780
10317.000069796
10317.000054316
10317.X00214533
10317.000033758
10317.000053481
10317.000058747
10317.000022044
10317.000075899
10317.000031857
10317.000072255
10317.000115444
10317.DM2393969
10317.000076672
10317.000087626
10317.000028762
10317.000023732
10317.000048359
10317.000020570
10317.000098209
10317.000046643
10317.000030187
10317.000066885
10317.000089354
10317.000105719
10317.X00176785
10317.000093566
10317.000112780
10317.000100477
10317.000100491
10317.000046637
10317.000105528
10317.000044361
10317.000066553
10317.000029542
10317.X00179726
10317.000098719
10317.000100331
10317.000042712
10317.000003158
10317.000098925
10317.000098143
10317.000076555
10317.000113511
10317.000054274
10317.000113053
10317.000101167
10317.000067486
10317.000067011
10317.000084409
10317.000087122
10317.DM2833369
10317.X00180417
10317.000033117
10317.000027731
10317.000076481
10317.000030537
10317.000050970
10317.000116343
10317.000029143
10317.000097456
10317.000034158
10317.000031310
10317.000060278
10317.DM2386884
10317.000027727
10317.000150273
10317.000076225
10317.000100418
10317.000058389
10317.000038490
10317.X00214438
10317.000046205
10317.000027908
10317.000034123
10317.000051218
10317.000103016
10317.000112809
10317.000027303
10317.000047707
10317.000031295
10317.X00178289
10317.X00178758
10317.000107300
10317.000074734
10317.000023653
10317.000028922
10317.000041126
10317.000046298
10317.000115520
10317.000036971
10317.000052344
10317.X00179582
10317.X00180483
10317.000155190
10317.000041709
10317.X00191947
10317.000036456
10317.000030962
10317.X00174428
10317.000089604
10317.000058324
10317.000158091
10317.000097233
10317.000108105
10317.000026076
10317.000047449
10317.000041536
10317.000109149
10317.000023554
10317.X00180457
10317.X00215186
10317.X00213962
10317.000067884
10317.000102725
10317.000097279
10317.000031351
10317.000101197
10317.000090541
10317.000023429
10317.DM2493434
10317.000074770
10317.000046446
10317.000051186
10317.000071558
10317.000091077
10317.X00179066
10317.000059926
10317.000066760
10317.0363183384
10317.000049824
10317.000108801
10317.000014114
10317.000075908
10317.000062093
10317.000103918
10317.X00178949
10317.000110093
10317.X00185751
10317.000115484
10317.000090995
10317.000113556
10317.000032949
10317.000021268
10317.X00179478
10317.000039735
10317.000046868
10317.000028380
10317.000036876
10317.000076169
10317.000084266
10317.000079151
10317.000070832
10317.000039593
10317.X00214732
10317.000023633
10317.000151119
10317.000030963
10317.000113874
10317.000065472
10317.000035482
10317.000036671
10317.000089456
10317.X00179260
10317.000018039
10317.X00168851
10317.000072251
10317.000029607
10317.000039654
10317.000051202
10317.000092962
10317.000115072
10317.000047588
10317.X00179203
10317.000049964
10317.000050343
10317.000065558
10317.000013927
10317.000079067
10317.X00190583
10317.000030391
10317.000109790
10317.000058981
10317.X00180271
10317.DM2949643
10317.000066645
10317.000058977
10317.0363182725
10317.000098126
10317.000040346
10317.000082689
10317.000039615
10317.000028926
10317.000032878
10317.000054228
10317.000022015
10317.000018363
10317.X00191352
10317.X00180027
10317.X00164682
10317.000071991
10317.000013438
10317.000028789
10317.000032731
10317.000031221
10317.000115468
10317.000028262
10317.000038163
10317.000108912
10317.000030551
10317.000023546
10317.DM2698986
10317.000029986
10317.000062963
10317.000087172
10317.000027683
10317.000039982
10317.000066446
10317.000026626
10317.000059083
10317.DM2889349
