10317.000070742
10317.X00180059
10317.000074335
10317.000101380
10317.DM2683988
10317.000047212
10317.000065572
10317.X00180976
10317.000046714
10317.000052342
10317.X00165821
10317.000023527
10317.000030477
10317.X00180002
10317.DM2336636
10317.000029561
10317.000086660
10317.X00185796
10317.000059014
10317.000068525
10317.X00214121
10317.000050201
10317.000109775
10317.000033107
10317.0363157880
10317.000070661
10317.000063091
10317.000031515
10317.000068560
10317.000099050
10317.000089364
10317.X00164844
10317.000070643
10317.000106843
10317.000060267
10317.000033584
10317.000023762
10317.000060344
10317.X00163967
10317.000065319
10317.X00181029
10317.000086608
10317.000048126
10317.000068253
10317.X00190975
10317.000097376
10317.000039913
10317.000073612
10317.000046716
10317.000107368
10317.000068336
10317.000058956
10317.000115189
10317.000034145
10317.000020682
10317.000065620
10317.000075926
10317.000046380
10317.000100510
10317.000034118
10317.000066955
10317.000113772
10317.000030051
10317.000018448
10317.000038072
10317.000076417
10317.X00179726
10317.000097358
10317.000071452
10317.000110066
10317.000058365
10317.000107154
10317.DM2933439
10317.000032665
10317.000076313
10317.000031003
10317.000069847
10317.000073273
10317.000083150
10317.000030331
10317.000156081
10317.000101301
10317.000060250
10317.000029441
10317.000086685
10317.000087234
10317.000065692
10317.000113014
10317.000089664
10317.X00180115
10317.000110978
10317.000053366
10317.000098699
10317.000030148
10317.X00180028
10317.000086616
10317.000023348
10317.000083158
10317.X00214336
10317.000113662
10317.000027785
10317.X00180955
10317.000082577
10317.000033788
10317.X00185435
10317.000033530
10317.000097946
10317.X00185652
10317.X00235339
10317.000098683
10317.X00179598
10317.000022389
10317.000089761
10317.X00180965
10317.000074378
10317.000102958
10317.000050265
10317.000069875
10317.000113610
10317.000022482
10317.000053364
10317.000026024
10317.000023662
10317.000013917
10317.000108977
10317.000068290
10317.000107265
10317.000032755
10317.000028265
10317.000070722
10317.X00179032
10317.000102894
10317.000021963
10317.000074333
10317.000054326
10317.000036746
10317.000089740
10317.000020525
10317.000097738
10317.000047174
10317.000031464
10317.X00215620
10317.X00180121
10317.000066443
10317.X00214483
10317.000086664
10317.000046274
10317.000097233
10317.X00215836
10317.000089662
10317.000043129
10317.000096763
10317.000070835
10317.000086590
10317.000026581
10317.000106431
10317.000043166
10317.000026666
10317.X00178974
10317.000072587
10317.X00214174
10317.X00214670
10317.000028406
10317.000098722
10317.000107955
10317.000114518
10317.000022391
10317.000051100
10317.000022380
10317.X00215793
10317.0363172860
10317.000037927
10317.000040319
10317.000110971
10317.000030379
10317.000029147
10317.000030082
10317.000071886
10317.000110360
10317.X00215093
10317.000073271
10317.X00179100
10317.000023531
10317.000110999
10317.000086607
10317.000087657
10317.X00236844
10317.000076484
10317.X00180240
10317.000042928
10317.000052123
10317.000113725
10317.000051174
10317.000102930
10317.000086646
10317.000020538
10317.000051166
10317.000027690
10317.X00182264
10317.000059065
10317.000097389
10317.000065604
10317.000028215
10317.000072164
10317.000099100
10317.000022998
10317.000063125
10317.000022025
10317.000030315
10317.000022524
10317.000041530
10317.X00185822
10317.000023612
10317.000092886
10317.X00191129
10317.000031927
10317.000070647
10317.000047224
10317.X00179414
10317.000097297
10317.000107387
10317.000074203
10317.000062984
10317.000062091
10317.000038119
10317.000058858
10317.000065613
10317.000068620
10317.000047206
10317.000037573
10317.000105856
10317.000026474
10317.000098950
10317.0363201187
10317.000033246
10317.000023552
10317.000150065
10317.000063101
10317.000065740
10317.000023661
10317.000070737
10317.X00215204
10317.000048313
10317.000093439
10317.000048314
10317.000083045
10317.000036142
10317.000111003
10317.000082929
10317.000070751
10317.000097276
10317.X00179653
10317.000070735
10317.X00180270
10317.000060050
10317.000086683
10317.000037533
10317.000065538
10317.000097244
10317.000086637
10317.000047388
10317.000012049
10317.000052180
10317.000087054
10317.000030522
10317.000040372
10317.000031853
10317.000046700
10317.X00182275
10317.X00215686
10317.000108787
10317.000107669
10317.000079007
10317.000038039
10317.X00180324
10317.000065442
10317.000063129
10317.000108917
10317.000032953
10317.000086595
10317.000066953
10317.X00180473
10317.X00186595
10317.000059853
10317.DM2493486
10317.000086676
10317.DM2984333
10317.000098719
10317.000070753
10317.000038333
10317.X00235198
10317.000070775
10317.000030053
10317.000047568
10317.X00180950
10317.000033247
10317.000041765
10317.X00180217
10317.000047570
10317.000030161
10317.000073278
10317.000006009
10317.000070771
10317.000111324
10317.000053437
10317.000097665
10317.000109057
10317.000058827
10317.000029348
10317.DM2983383
10317.X00214283
10317.000047208
10317.000107541
10317.000107659
10317.000059153
10317.000032731
10317.000014628
10317.000076443
10317.000107834
10317.000151286
10317.000079061
10317.000111254
10317.DM2388449
10317.X00215401
10317.X00178950
10317.X00179953
10317.000113581
10317.000089731
10317.000040345
10317.X00214272
10317.000111326
10317.X00215569
10317.000105333
10317.X00215256
10317.000066956
10317.000107622
10317.000037497
10317.000053381
10317.000073290
10317.000065506
10317.000076391
10317.000028556
10317.000072553
10317.000108315
10317.000031501
10317.0363183030
10317.000020050
10317.000097682
10317.000070754
10317.000009175
10317.000082984
10317.000038011
10317.000036864
10317.X00164198
10317.000092655
10317.000107896
10317.000054309
10317.000053346
10317.000023231
10317.000083151
10317.000108327
10317.000028227
10317.000027236
10317.000059847
10317.000047404
10317.000029298
10317.000115118
10317.000070773
10317.000089401
10317.000076345
10317.000013588
10317.000047146
10317.000097253
10317.000039547
10317.000092738
10317.000087053
10317.000098717
10317.000022141
10317.X00214727
10317.000107152
10317.000086677
10317.000008966
10317.000039962
10317.000038023
10317.000021684
10317.000021154
10317.000079780
10317.0363201240
10317.000069302
10317.000050217
10317.000001619
10317.000079099
10317.000039654
10317.000062269
10317.000029507
10317.000079145
10317.000097632
10317.000113742
10317.000023911
10317.000101298
10317.DM2846648
10317.000100496
10317.000107361
10317.000108887
10317.000033193
10317.000086652
10317.000108408
10317.000076696
10317.000053336
10317.000026432
10317.X00214225
10317.000069747
10317.000086598
10317.000100512
10317.000028692
10317.X00214442
10317.000039980
10317.000098677
10317.000093398
10317.000111272
10317.000022914
10317.000075969
10317.000059221
10317.000066444
10317.000111256
10317.000082969
10317.000102706
10317.000026562
10317.000116343
10317.000028439
10317.000079382
10317.000028394
10317.000053308
10317.000070741
10317.000011281
10317.000079095
10317.000013429
10317.000070709
10317.000107783
10317.000114830
10317.000146196
10317.000102677
10317.000105371
10317.000071887
10317.000068719
10317.X00179875
10317.000037929
10317.0363174078
10317.000060315
10317.000068324
10317.000089579
10317.000020562
10317.X00215743
10317.000062128
10317.DM2664438
10317.000029581
10317.X00230531
10317.X00214289
10317.000058989
10317.000028676
10317.000112961
10317.000030015
10317.000075964
10317.X00192612
10317.000068292
10317.000036967
10317.000046297
10317.000022520
10317.000032822
10317.000062922
10317.000022518
10317.000098143
10317.000115254
10317.000075965
10317.0363201825
10317.DM2446969
10317.000071526
10317.000037968
10317.X00180315
10317.000041959
10317.X00214612
10317.000046717
10317.000032743
10317.000102742
10317.000102882
10317.X00179650
10317.000066886
10317.000040130
10317.X00214457
10317.000106294
10317.000114414
10317.000037925
10317.000109802
10317.000089773
10317.X00179877
10317.X00185475
10317.000058595
10317.000032701
10317.X00214582
10317.0363182901
10317.X00215549
10317.000042907
10317.000053495
10317.000033685
10317.000012292
10317.000054318
10317.000071848
10317.000113526
10317.000034244
10317.000093590
10317.000033174
10317.000051094
10317.DM2493443
10317.000053470
10317.000021969
10317.000033260
10317.000065723
10317.000038425
10317.000033758
10317.000032874
10317.X00215011
10317.000065685
10317.000022361
10317.000083149
10317.000022639
10317.X00179857
10317.X00185433
10317.000107352
10317.000108893
10317.000047776
10317.000065306
10317.DM2664633
10317.DM2963696
10317.000028816
10317.000076213
10317.000086663
10317.000041779
10317.000113804
10317.X00211820
10317.000041724
10317.000012046
10317.000089240
10317.000021965
10317.000100513
10317.000001329
10317.000111332
10317.000089227
10317.000027804
10317.000084202
10317.X00165209
10317.000072568
10317.000079832
10317.000086597
10317.000052010
10317.000072423
10317.000082997
10317.000029535
10317.000016366
10317.000084336
10317.000097617
10317.000032695
10317.000058388
10317.000030026
10317.000074268
10317.000054270
10317.000155931
10317.000076180
10317.X00179167
10317.000041679
10317.000107785
10317.000111258
10317.000059004
10317.000040324
10317.X00214135
10317.000039834
10317.X00214355
10317.000034146
10317.000100423
10317.000028810
10317.000151146
10317.000029324
10317.X00171567
10317.000046699
10317.000001270
10317.000092804
10317.000036392
10317.000112679
10317.X00214592
10317.X00214575
10317.000058722
10317.000097314
10317.000106382
10317.X00180309
10317.000032801
10317.000026057
10317.0363201741
10317.000111328
10317.X00180208
10317.X00215795
10317.000026423
10317.000084207
10317.000089332
10317.000086628
10317.X00180290
10317.000071939
10317.000113021
10317.000150500
10317.000071943
10317.000042933
10317.000083148
10317.000027655
10317.000097799
10317.000107957
10317.X00180952
10317.000079070
10317.000020495
10317.000086594
10317.000053377
10317.000092736
10317.000041527
10317.000068294
10317.X00213957
10317.000115344
10317.X00211882
10317.000031783
10317.000026463
10317.X00179752
10317.000148799
10317.000041709
10317.000101018
10317.000076695
10317.000049963
10317.000038070
10317.000010110
10317.000072595
10317.000035456
10317.000089778
10317.000052795
10317.X00178058
10317.000097827
10317.000062132
10317.000069191
10317.X00214235
10317.000041335
10317.000022479
10317.000074263
10317.000066616
10317.0363174027
10317.000070752
10317.000060064
10317.000157779
10317.000106961
10317.000065925
10317.X00215118
10317.000098025
10317.000086678
10317.000098934
10317.000086653
10317.000029316
10317.000035460
10317.000038299
10317.0363182915
10317.X00161757
10317.000097440
10317.000030008
10317.000027192
10317.000026460
10317.DM2363646
10317.000113057
10317.000053376
10317.000106711
10317.000022564
10317.000106400
10317.000020732
10317.000022566
10317.000030031
10317.000114668
10317.000030323
10317.000032634
10317.000075874
10317.X00214406
10317.000100507
10317.000023538
10317.000073894
10317.000098790
10317.000075882
10317.000102660
10317.000075875
10317.DM2348648
10317.000110547
10317.000074439
10317.000068475
10317.000115185
10317.000089751
10317.000032867
10317.000089764
10317.000050283
10317.000042683
10317.000017735
10317.000066675
10317.000030319
10317.0363172903
10317.000073274
10317.X00191390
10317.000022522
10317.000065568
10317.000070781
10317.X00185729
10317.000106412
10317.000066615
10317.000112668
10317.000076643
10317.000113605
10317.000071853
10317.000071445
10317.000022015
10317.000049933
10317.000036904
10317.000097231
10317.000108086
10317.000020601
10317.000029559
10317.000062073
10317.000039720
10317.000034138
10317.000110096
10317.000023053
10317.000102796
10317.000074542
10317.X00214139
10317.000033695
10317.000058599
10317.000031484
10317.000046688
10317.000037494
10317.000098215
10317.000047181
10317.000023357
10317.000090971
10317.000072151
10317.000111327
10317.000097711
10317.000100508
10317.000070779
10317.000028656
10317.000031203
10317.000076160
10317.000114481
10317.000065619
10317.000067092
10317.000033090
10317.X00179891
10317.000058486
10317.X00179901
10317.000020653
10317.000036857
10317.000092706
10317.0363213265
10317.000060048
10317.000098730
10317.000028923
10317.000079064
10317.X00215847
10317.DM2368698
10317.000113765
10317.000027323
10317.000001031
10317.X00185462
10317.000086635
10317.DM2444496
10317.X00179899
10317.X00180957
10317.000089774
10317.000106567
10317.X00180455
10317.0363215354
10317.000092707
10317.X00179302
10317.000053386
10317.000089748
10317.000086662
10317.000031492
10317.000038061
10317.000103068
10317.000051271
10317.000033259
10317.000028927
10317.000092843
10317.X00215265
10317.000090141
10317.000067023
10317.000030142
10317.000059969
10317.DM2394344
10317.000109845
10317.DM2393969
10317.000033741
10317.000114252
10317.000041745
10317.000146195
10317.X00180968
10317.000083146
10317.000089733
10317.000089741
10317.000012304
10317.000090033
10317.000066959
10317.000107665
10317.000022036
10317.000023234
10317.X00214830
10317.X00214497
10317.000022521
10317.X00214261
10317.000035436
10317.X00214478
10317.000038035
10317.000060342
10317.000023412
10317.000089337
10317.000102739
10317.000082986
10317.000108790
10317.000027799
10317.000028154
10317.000086681
10317.X00180504
10317.000029337
10317.000063003
10317.000098182
10317.0363173832
10317.000110051
10317.0363215309
10317.000065428
10317.000074680
10317.000051165
10317.000086613
10317.000097693
10317.000097684
10317.000022001
10317.000043104
10317.000040043
10317.000149349
10317.000084446
10317.000066809
10317.000112900
10317.000111333
10317.000027268
10317.000151274
10317.000050221
10317.000038346
10317.000084407
10317.000107409
10317.000079772
10317.000072292
10317.000070759
10317.000108081
10317.000013252
10317.000109829
10317.000002419
10317.000112207
10317.0363184935
10317.000074261
10317.000084300
10317.000026015
10317.000111005
10317.000069797
10317.0363201186
10317.X00179178
10317.000014115
10317.000079035
10317.X00215822
10317.X00177904
10317.000105367
10317.000053489
10317.000022192
10317.000046257
10317.000033226
10317.000073272
10317.000052240
10317.000102787
10317.000107274
10317.000052241
10317.0363183112
10317.0363201795
10317.X00185662
10317.X00214073
10317.000032933
10317.0363184940
10317.DM2483689
10317.000050367
10317.000048321
10317.000097723
10317.000069242
10317.000089390
10317.000107355
10317.000032703
10317.000090032
10317.000031420
10317.000031388
10317.000009633
10317.000103089
10317.000030459
10317.000063588
10317.000047179
10317.000108886
10317.X00180882
10317.000110455
10317.000111252
10317.000110977
10317.000033227
10317.000089514
10317.000108504
10317.DM2349383
10317.000084449
10317.000040178
10317.000062971
10317.X00214176
10317.000050281
10317.000097315
10317.000084550
10317.000100355
10317.000020573
10317.X00214453
10317.000103642
10317.000070801
10317.000079081
10317.000058801
10317.000111257
10317.000029986
10317.000018355
10317.000115360
10317.X00214920
10317.000038155
10317.000060296
10317.000048297
10317.000029531
10317.000052852
10317.000052276
10317.000106836
10317.X00179238
10317.000018425
10317.000029159
10317.000070776
10317.000046689
10317.000089377
10317.000151304
10317.000086599
10317.000010130
10317.000043098
10317.000031448
10317.000038272
10317.000100338
10317.000098883
10317.000038429
10317.000089653
10317.000058460
10317.000040176
10317.000070745
10317.000086606
10317.X00170259
10317.000086675
10317.000039817
10317.000111251
10317.X00180975
10317.000046703
10317.000109168
10317.000090012
10317.000074733
10317.000028588
10317.000109013
10317.000048392
10317.000072589
10317.000028922
10317.000110351
10317.000023590
10317.DM2693668
10317.000032698
10317.000029148
10317.000110446
10317.000110516
10317.X00229096
10317.000062973
10317.0363173517
10317.000086665
10317.000115362
10317.000052347
10317.000038112
10317.000099195
10317.000154728
10317.000089752
10317.000073287
10317.000030959
10317.X00161856
10317.000033672
10317.000032834
10317.000098944
10317.000027209
10317.000086630
10317.000110356
10317.000021990
10317.X00215236
10317.000086648
10317.000076325
10317.X00214103
10317.000070716
10317.000023829
10317.000038121
10317.000046312
10317.X00215652
10317.DM2638888
10317.000086641
10317.000050503
10317.000058774
10317.000099016
10317.000074859
10317.000092856
10317.000107475
10317.X00214961
10317.000030556
10317.000092656
10317.000014034
10317.000031297
10317.000109105
10317.000038141
10317.000036080
10317.000086592
10317.X00164608
10317.000071862
10317.000069296
10317.000069594
10317.000074411
10317.000109063
10317.000048394
10317.000103087
10317.X00170870
10317.000026637
10317.000076193
10317.000073275
10317.000110512
10317.000062171
10317.X00214522
10317.X00235354
10317.000038108
10317.000051252
10317.000108048
10317.000041729
10317.000112960
10317.000071472
10317.000050260
10317.X00214836
10317.X00180279
10317.000079011
10317.000027810
10317.000085120
10317.000102957
10317.000070731
10317.000094650
10317.000097456
10317.000050197
10317.000052019
10317.000098151
10317.000031293
10317.000027826
10317.000099022
10317.000106421
10317.000098915
10317.000039925
10317.000103710
10317.000108773
10317.000098884
10317.000020592
10317.000023743
10317.000029361
10317.X00180423
10317.000033093
10317.DM2338499
10317.000087662
10317.000098785
10317.000074175
10317.DM2444363
10317.000052175
10317.000105349
10317.000008972
10317.000048354
10317.000105342
10317.000038031
10317.000108424
10317.000097246
10317.000063021
10317.X00214328
10317.000105685
10317.DM2986889
10317.000041646
10317.000074391
10317.X00179993
10317.000009655
10317.000022523
10317.000105320
10317.X00180247
10317.000036978
10317.000027689
10317.000066598
10317.000066847
10317.DM2968648
10317.000038227
10317.X00191787
10317.X00229162
10317.000052417
10317.000079764
10317.000031889
10317.X00180907
10317.000046710
10317.000010248
10317.0363182645
10317.000047160
10317.000033709
10317.000062117
10317.000089322
10317.000089736
10317.000028767
10317.000115066
10317.000030509
10317.000020581
10317.000058428
10317.X00180963
10317.000029511
10317.DM2839338
10317.000093072
10317.000040316
10317.000089870
10317.000086650
10317.000089767
10317.000046695
10317.000058971
10317.000035170
10317.000076492
10317.000082720
10317.000086666
10317.000066439
10317.000074543
10317.000106790
10317.000046694
10317.000097854
10317.X00180971
10317.000026488
10317.000053460
10317.000070738
10317.000023796
10317.000069365
10317.000038136
10317.X00179418
10317.000058612
10317.000023526
10317.X00215585
10317.000070687
10317.000052162
10317.000098212
10317.000089747
10317.000001483
10317.000110998
10317.000065588
10317.X00213960
10317.000065616
10317.000047455
10317.000086656
10317.000070736
10317.X00179958
10317.000030012
10317.000065488
10317.000023588
10317.000030624
10317.000027805
10317.000083159
10317.000084378
10317.X00214310
10317.000079088
10317.000020533
10317.000059171
10317.000094676
10317.X00214319
10317.000042692
10317.000027730
10317.000110160
10317.000097992
10317.000087056
10317.000089692
10317.000066633
10317.0363201809
10317.000093644
10317.000048343
10317.000026198
10317.000114515
10317.000022225
10317.000076166
10317.000041304
10317.000107685
10317.000023346
10317.0363213298
10317.000113040
10317.000071979
10317.X00180966
10317.000028178
10317.000087678
10317.000053354
10317.000074416
10317.000059984
10317.000097815
10317.000105274
10317.000028266
10317.000116153
10317.000076282
10317.X00179309
10317.000079118
10317.X00215689
10317.000085118
10317.000033374
10317.000108912
10317.000028730
10317.000072038
10317.000109830
10317.000089342
10317.000030048
10317.000037949
10317.X00179187
10317.000050261
10317.000037509
10317.000023784
10317.000099166
10317.000110519
10317.000052374
10317.000027734
10317.X00172631
10317.000002769
10317.000027808
10317.000073264
10317.000069167
10317.000037974
10317.000087024
10317.000115389
10317.000027224
10317.000039581
10317.000065441
10317.000030223
10317.000036433
10317.000030186
10317.0363172930
10317.000070761
10317.000028259
10317.000041737
10317.000076285
10317.000116377
10317.000054027
10317.000065582
10317.000048359
10317.000110057
10317.000030283
10317.000050266
10317.000041752
10317.X00215798
10317.000069307
10317.X00213988
10317.000031860
10317.000112911
10317.000033559
10317.X00214074
10317.000028784
10317.000027598
10317.000097102
10317.000028455
10317.000079151
10317.000108420
10317.000033722
10317.000086603
10317.000050285
10317.000113511
10317.000031830
10317.000084386
10317.000020563
10317.000098984
10317.000111006
10317.000042663
10317.000114438
10317.X00180501
10317.000090515
10317.000052278
10317.000023074
10317.000106573
10317.000033109
10317.000112281
10317.000047618
10317.000075988
10317.000076307
10317.000002319
10317.X00176817
10317.000044418
10317.000050286
10317.000098838
10317.000043009
10317.000032753
10317.000041828
10317.000065785
10317.000074668
10317.X00180970
10317.000038332
10317.000098673
10317.000098868
10317.000054197
10317.000021993
10317.000097238
10317.000038111
10317.000032866
10317.000082690
10317.000021249
10317.DM2986893
10317.000154481
10317.000014899
10317.000021991
10317.000022125
10317.000082832
10317.000100335
10317.000074170
10317.000042735
10317.X00215861
10317.000108845
10317.000110518
10317.DM2486436
10317.000068251
10317.000013440
10317.000046253
10317.000065784
10317.000097953
10317.000072545
10317.000103784
10317.000076478
10317.000114228
10317.000113619
10317.000092864
10317.000023041
10317.000075885
10317.000040156
10317.0363183146
10317.000066961
10317.000042809
10317.000090539
10317.000074716
10317.000075958
10317.000023845
10317.X00215426
10317.000102633
10317.000099240
10317.000063223
10317.000079004
10317.000041539
10317.000070780
10317.000058424
10317.000032763
10317.000111109
10317.000040398
10317.000068456
10317.000020553
10317.000022927
10317.X00183150
10317.000113138
10317.000092660
10317.000154680
10317.X00180969
10317.000054276
10317.000094640
10317.000038317
10317.000058390
10317.000051099
10317.000065611
10317.000093406
10317.000038194
10317.000022090
10317.000114492
10317.000105278
10317.000028193
10317.000029175
10317.000038133
10317.000108548
10317.X00214307
10317.000102923
10317.000115505
10317.000058981
10317.000113724
10317.000058788
10317.0363201738
10317.000041772
10317.000033068
10317.000022454
10317.000023731
10317.X00161848
10317.000076748
10317.000063120
10317.000054325
10317.000029532
10317.000070656
10317.000073289
10317.000094611
10317.000074840
10317.000026143
10317.000029984
10317.000048408
10317.000023460
10317.X00179809
10317.000073285
10317.000101332
10317.000050336
10317.000066988
10317.000084393
10317.000108841
10317.000076169
10317.000052330
10317.DM2499634
10317.X00214405
10317.000032812
10317.0363173719
10317.000066957
10317.000026517
10317.000046711
10317.000039988
10317.000106876
10317.000029540
10317.000026022
10317.000022030
10317.000030742
10317.X00180426
10317.000113665
10317.000047789
10317.000097319
10317.X00180140
10317.000108400
10317.000068286
10317.000065952
10317.000107376
10317.000097655
10317.000038000
10317.000115212
10317.000089346
10317.000022388
10317.000099085
10317.X00214770
10317.DM2439434
10317.X00180004
10317.000016012
10317.000028788
10317.000027878
10317.000107367
10317.000030136
10317.000002420
10317.000020346
10317.000053479
10317.000097220
10317.000022027
10317.000067015
10317.000070686
10317.000105585
10317.X00179721
10317.000069317
10317.X00214311
10317.000022952
10317.000098987
10317.X00179444
10317.X00179087
10317.000098991
10317.000028076
10317.X00215596
10317.000084677
10317.X00179974
10317.000109035
10317.000073308
10317.000089370
10317.000023619
10317.0363156726
10317.000041637
10317.000099155
10317.X00180964
10317.000052418
10317.DM2446664
10317.000098766
10317.000112690
10317.000053441
10317.000101002
10317.000098992
10317.000010975
10317.000031301
10317.000058317
10317.000091030
10317.000021185
10317.000111322
10317.000047577
10317.X00213989
10317.000033216
10317.000089456
10317.000028572
10317.000030481
10317.DM2936484
10317.000068500
10317.000046336
10317.000109250
10317.000023560
10317.000020458
10317.000097639
10317.DM2448683
10317.000070747
10317.000022406
10317.000157832
10317.000031788
10317.000116345
10317.000086589
10317.000047401
10317.000092924
10317.000109321
10317.000032814
10317.X00235235
10317.000089325
10317.000074504
10317.000086658
10317.000023835
10317.000059015
10317.000079003
10317.X00214263
10317.000020499
10317.000048311
10317.000106821
10317.0363156135
10317.000114504
10317.000041965
10317.000038225
10317.000031014
10317.X00180021
10317.000036884
10317.000079002
10317.000071582
10317.000058854
10317.000113463
10317.000033382
10317.000087179
10317.000084582
10317.X00180579
10317.000052022
10317.000030467
10317.000108202
10317.000026662
10317.000029207
10317.X00215312
10317.000030089
10317.000070744
10317.000022609
10317.000098752
10317.X00215492
10317.X00179861
10317.000058916
10317.000058804
10317.000046258
10317.000047235
10317.000076535
10317.000028107
10317.000089734
10317.000069601
10317.000022338
10317.000046713
10317.000022502
10317.000030484
10317.000062989
10317.000068621
10317.000070777
10317.000103100
10317.000098214
10317.000041767
10317.000098682
10317.000073886
10317.000038146
10317.000076588
10317.000050386
10317.000073370
10317.DM2436933
10317.000074287
10317.000033175
10317.000092868
10317.000029998
10317.000073342
10317.000113552
10317.000087661
10317.000093011
10317.000038115
10317.000097245
10317.000074195
10317.000101386
10317.X00214163
10317.000089762
10317.000113050
10317.000023733
10317.000108345
10317.X00214716
10317.000038334
10317.000030030
10317.X00179864
10317.000113708
10317.000074272
10317.000039815
10317.X00179153
10317.000053327
10317.X00185550
10317.000067724
10317.X00180432
10317.000069604
10317.000053417
10317.000028087
10317.000052044
10317.000109019
10317.000053348
10317.000038005
10317.000066960
10317.000089738
10317.000028121
10317.000106817
10317.000107656
10317.X00178939
10317.000066874
10317.000108672
10317.000090966
10317.000108633
10317.000070760
10317.000036415
10317.X00172103
10317.000029390
10317.000035466
10317.000062142
10317.000065617
10317.000082996
10317.X00180032
10317.000030041
10317.X00215381
10317.000079117
10317.000029172
10317.000147492
10317.X00215878
10317.X00178457
10317.000068278
10317.000042784
10317.000076291
10317.X00215199
10317.000022629
10317.000036870
10317.000073903
10317.000111004
10317.X00178954
10317.000110201
10317.000030548
10317.000072428
10317.000031480
10317.000068419
10317.000041291
10317.000069791
10317.X00215775
10317.000054189
10317.000023521
10317.000046288
10317.000022339
10317.000102647
10317.000092746
10317.000098644
10317.000050004
10317.000037517
10317.000072155
10317.000092778
10317.000060235
10317.X00179988
10317.X00185725
10317.000076493
10317.X00171533
10317.000092686
10317.000075946
10317.X00215505
10317.000154572
10317.000031031
10317.000052404
10317.000067012
10317.X00215454
10317.000113063
10317.000108762
10317.000030014
10317.000071474
10317.000072197
10317.000103911
10317.000058464
10317.000036675
10317.X00215025
10317.000062084
10317.X00213993
10317.000065618
10317.000098609
10317.000114443
10317.000084312
10317.X00213969
10317.000047679
10317.000046305
10317.000092797
10317.000113796
10317.000098743
10317.000036158
10317.000034179
10317.000036974
10317.000053472
10317.000050289
10317.000074838
10317.000046350
10317.000066954
10317.000098913
10317.000031260
10317.X00211924
10317.X00180884
10317.X00215680
10317.000014078
10317.000155970
10317.X00164034
10317.000099163
10317.000083044
10317.000092674
10317.000058763
10317.000046692
10317.000062125
10317.000116395
10317.000044279
10317.000021526
10317.DM2698443
10317.000032963
10317.000054198
10317.X00178533
10317.000065315
10317.X00179804
10317.000097329
10317.000097339
10317.000005693
10317.000073282
10317.000086585
10317.000105312
10317.000109747
10317.000066457
10317.000038165
10317.000089759
10317.000106174
10317.000063035
10317.000089771
10317.000110973
10317.000065536
10317.000036905
10317.000146489
10317.000014035
10317.DM2998396
10317.000090144
10317.000027874
10317.000060065
10317.X00214889
10317.000103056
10317.000030023
10317.000108689
10317.000086651
10317.000036744
10317.000002034
10317.000074246
10317.X00230313
10317.000058737
10317.000051163
10317.000105347
10317.000090512
10317.000078795
10317.000074617
10317.000047409
10317.000043099
10317.000097753
10317.000107399
10317.X00179530
10317.DM2344346
10317.000070778
10317.000089559
10317.000063071
10317.000076491
10317.000022486
10317.000037515
10317.000072544
10317.000023889
10317.000116555
10317.000113518
10317.000012166
10317.000027787
10317.X00215588
10317.000116399
10317.000086634
10317.000058695
10317.000079009
10317.000022923
10317.000007158
10317.000043194
10317.000097836
10317.000098923
10317.DM2334436
10317.000068703
10317.000158019
10317.000036891
10317.000068264
10317.X00180979
10317.000108710
10317.X00163362
10317.000099130
10317.000042717
10317.000073871
10317.X00179342
10317.000074627
10317.000071870
10317.000100332
10317.000035359
10317.X00185447
10317.000029342
10317.000047774
10317.X00235281
10317.000048284
10317.000053405
10317.000042731
10317.000079010
10317.000028223
10317.000038090
10317.X00229221
10317.X00180415
10317.000041951
10317.000023121
10317.000109036
10317.000103105
10317.000063222
10317.000086644
10317.X00179230
10317.000031373
10317.000073373
10317.000058718
10317.000050007
10317.000098849
10317.000050008
10317.000029193
10317.000106760
10317.000031264
10317.000102683
10317.000047778
10317.000058915
10317.000046707
10317.X00179068
10317.000074541
10317.000151907
10317.000065605
10317.000107990
10317.000086638
10317.000109209
10317.X00191383
10317.000101031
10317.000021148
10317.000079811
10317.000070757
10317.X00215082
10317.000067721
10317.000069735
10317.000031514
10317.000043100
10317.X00168999
10317.0363201178
10317.X00179564
10317.X00173360
10317.000050243
10317.X00215936
10317.000050267
10317.000033008
10317.000087093
10317.000110515
10317.000058457
10317.000084353
10317.000100415
10317.000115105
10317.000028232
10317.X00183171
10317.000100334
10317.000033232
10317.000048303
10317.000023115
10317.000076384
10317.000075945
10317.000031563
10317.X00181245
10317.000026047
10317.000102674
10317.X00214429
10317.000065339
10317.000032957
10317.000115190
10317.000027814
10317.000109247
10317.X00180456
10317.000097950
10317.000054085
10317.000102866
10317.X00215248
10317.000020413
10317.000045024
10317.000097681
10317.000113004
10317.000060243
10317.000040378
10317.000074496
10317.000022622
10317.000109337
10317.000086645
10317.000022281
10317.X00190562
10317.000020537
10317.000099129
10317.000070743
10317.X00215182
10317.000107628
10317.000071498
10317.000023256
10317.000113042
10317.000033663
10317.000073284
10317.000155435
10317.000015562
10317.000111323
10317.000084520
10317.000012071
10317.000029343
10317.000157539
10317.000098949
10317.000101015
10317.000058402
10317.X00179458
10317.000020580
10317.000060012
10317.000086612
10317.000059966
10317.000072105
10317.000087651
10317.000086686
10317.DM2434389
10317.000100509
10317.000040341
10317.X00180972
10317.X00179264
10317.000098187
10317.000107626
10317.000058941
10317.000017713
10317.000043161
10317.X00190569
10317.000089755
10317.000074226
10317.000042718
10317.000114506
10317.000059955
10317.000028727
10317.000065680
10317.000033017
10317.000107412
10317.000046326
10317.000097626
10317.000058767
10317.000084610
10317.DM2638988
10317.000029304
10317.000040149
10317.X00214223
10317.000058329
10317.000083126
10317.000098211
10317.000044324
10317.000102940
10317.000100347
10317.000098905
10317.000063583
10317.000098031
10317.000076300
10317.000033281
10317.000030963
10317.000105305
10317.000058857
10317.000032702
10317.X00179041
10317.DM2938938
10317.000082693
10317.000035442
10317.000063133
10317.000069701
10317.000114513
10317.000046706
10317.X00211762
10317.X00213981
10317.000026664
10317.000069653
10317.000108550
10317.X00185745
10317.000053320
10317.000029512
10317.000052215
10317.000098998
10317.000107952
10317.000073283
10317.000071381
10317.000032727
10317.000076358
10317.000059041
10317.000027660
10317.000111275
10317.000084636
10317.X00214373
10317.000102634
10317.000062985
10317.000089739
10317.000076332
10317.000021983
10317.000022109
10317.000152394
10317.000041330
10317.X00214091
10317.000022223
10317.000037500
10317.000074372
10317.000033377
10317.X00215092
10317.000047539
10317.000097727
10317.000017687
10317.000026461
10317.000058606
10317.000108683
10317.000089347
10317.000075871
10317.000032909
10317.000092664
10317.000022252
10317.000086632
10317.000020602
10317.000058868
10317.X00163643
10317.000065742
10317.000073269
10317.000110341
10317.000033794
10317.000035425
10317.000053369
10317.000040128
10317.000072051
10317.000038142
10317.000115038
10317.000041972
10317.000032759
10317.DM2889996
10317.000011141
10317.000089769
10317.000098197
10317.000107972
10317.000092672
10317.000103673
10317.000032643
10317.000023540
10317.000017670
10317.000065705
10317.000108957
10317.000023792
10317.000065622
10317.000058969
10317.000116404
10317.000108949
10317.000097325
10317.000050331
10317.000036973
10317.000029336
10317.000079817
10317.000072043
10317.000092915
10317.000089619
10317.000009767
10317.000046715
10317.000020105
10317.000108678
10317.000114672
10317.000026008
10317.X00171125
10317.000107655
10317.000005998
10317.000086619
10317.000060037
10317.X00191384
10317.000048270
10317.000040129
10317.000015601
10317.000069326
10317.X00176777
10317.000031416
10317.DM2496469
10317.000028886
10317.X00185746
10317.000017737
10317.000099164
10317.000097212
10317.000070774
10317.000110979
10317.000090520
10317.000110203
10317.000086591
10317.000103667
10317.000084291
10317.000034149
10317.000106835
10317.000110517
10317.000050188
10317.000115202
10317.X00215372
10317.000068291
10317.000028433
10317.000030665
10317.X00178672
10317.000037595
10317.000116139
10317.000058515
10317.000098198
10317.000072567
10317.000026080
10317.000052069
10317.X00214104
10317.X00170919
10317.X00183170
10317.X00180471
10317.000012007
10317.000013746
10317.000037568
10317.000097305
10317.000065494
10317.000058462
10317.000100494
10317.000066473
10317.000103712
10317.X00180507
10317.000031258
10317.DM2844486
10317.X00214330
10317.000036041
10317.000059926
10317.000026053
10317.000043203
10317.000100990
10317.000078781
10317.000090151
10317.000089354
10317.000065614
10317.X00191351
10317.000070755
10317.000102863
10317.000086582
10317.000032816
10317.000115147
10317.000089766
10317.000075959
10317.000086618
10317.000065429
10317.000032629
10317.000113557
10317.000070758
10317.X00179017
10317.000033458
10317.000022977
10317.000054078
10317.000069176
10317.000093065
10317.000011402
10317.X00180578
10317.000043119
10317.X00180978
10317.000107652
10317.000097367
10317.000027313
10317.000004656
10317.000070783
10317.000089777
10317.000074715
10317.000103043
10317.000023046
10317.000026530
10317.000036145
10317.000098768
10317.000075869
10317.000079015
10317.000071418
10317.DM2339493
10317.X00179502
10317.000037505
10317.000035342
10317.000027246
10317.000107979
10317.000094662
10317.000070733
10317.000058844
10317.000065479
10317.000100511
10317.000114827
10317.000099187
10317.000115297
10317.000072044
10317.000053373
10317.000105521
10317.X00162737
10317.000031475
10317.000082733
10317.000086654
10317.000030350
10317.X00214825
10317.000063131
10317.000033094
10317.000070728
10317.000071950
10317.X00214204
10317.000030208
10317.000087134
10317.000051103
10317.000086667
10317.000046272
10317.000022492
10317.000086627
10317.000072559
10317.000052220
10317.000098942
10317.000070820
10317.000053488
10317.000052259
10317.000022534
10317.000074709
10317.X00235195
10317.000059943
10317.000109048
10317.000097327
10317.000070762
10317.000046345
10317.000038428
10317.000032943
10317.000103789
10317.000086633
10317.X00178723
10317.000039707
10317.000020606
10317.000027832
10317.000100987
10317.000038289
10317.000069162
10317.X00215359
10317.000097754
10317.000054329
10317.000107831
10317.X00214025
10317.000068701
10317.000070749
10317.000028466
10317.000112119
10317.000071507
10317.000084675
10317.X00179664
10317.000046709
10317.X00215889
10317.000066926
10317.000017620
10317.000036146
10317.000110450
10317.000020496
10317.000107527
10317.000083147
10317.DM2836683
10317.000015829
10317.000090146
10317.000027206
10317.000093408
10317.000108828
10317.000028078
10317.0363215320
10317.000028887
10317.000073291
10317.000069658
10317.000067093
10317.000097098
10317.000071593
10317.000058942
10317.X00185873
10317.000086611
10317.000047474
10317.000108831
10317.000036871
10317.000049926
10317.000058430
10317.000060260
10317.000102644
10317.000041652
10317.X00180960
10317.000103796
10317.000102934
10317.000026580
10317.000108825
10317.X00179169
10317.000070842
10317.X00180951
10317.000102946
10317.000020093
10317.X00215005
10317.000110139
10317.000075979
10317.000073346
10317.000097304
10317.X00191379
10317.000041305
10317.000110468
10317.DM2648943
10317.000058324
10317.X00180215
10317.000079008
10317.000084652
10317.000116578
10317.000154307
10317.000027229
10317.000065471
10317.000149646
10317.000062096
10317.000100991
10317.000035475
10317.000074768
10317.000074266
10317.000035383
10317.000074204
10317.000107614
10317.X00214068
10317.000110137
10317.X00214519
10317.X00180494
10317.000028737
10317.000032908
10317.X00179930
10317.000069867
10317.X00176757
10317.000029481
10317.X00185754
10317.000097790
10317.000060348
10317.000106312
10317.000028072
10317.000030122
10317.X00180962
10317.X00178929
10317.000108706
10317.000059220
10317.000074544
10317.X00164803
10317.000050030
10317.X00215392
10317.000116582
10317.000023919
10317.000076697
10317.X00215051
10317.000029165
10317.000023855
10317.000041538
10317.000048251
10317.000066940
10317.DM2864369
10317.000050029
10317.000094615
10317.000037980
10317.000113766
10317.X00176553
10317.000110042
10317.X00214364
10317.000030280
10317.000030301
10317.000111274
10317.000028153
10317.X00215095
10317.000043173
10317.000108592
10317.X00214432
10317.000065403
10317.000103800
10317.000071551
10317.000106444
10317.000150299
10317.000097223
10317.000087278
10317.X00214743
10317.000031324
10317.000071434
10317.000113553
10317.000106392
10317.000022390
10317.000053465
10317.X00179865
10317.000033577
10317.X00181110
10317.000042739
10317.000071396
10317.000106568
10317.000048334
10317.X00179846
10317.000030316
10317.000014879
10317.000051172
10317.0363173723
10317.000086593
10317.000021286
10317.000097758
10317.000028689
10317.000146732
10317.000107633
10317.000082722
10317.000098000
10317.000102933
10317.X00214659
10317.000046335
10317.000105339
10317.X00215299
10317.000037989
10317.000074181
10317.000105277
10317.000041673
10317.000027671
10317.000103078
10317.X00179295
10317.DM2368944
10317.000034158
10317.000070763
10317.X00214954
10317.000058325
10317.000059954
10317.000033699
10317.000155253
10317.000066944
10317.000116141
10317.000086584
10317.000110418
10317.000038330
10317.000113075
10317.000046085
10317.000072006
10317.000038049
10317.000102927
10317.0363157878
10317.000017638
10317.000079388
10317.000041666
10317.0363173823
10317.000073937
10317.000022945
10317.000071556
10317.000106960
10317.000086639
10317.X00180097
10317.000113031
10317.000087137
10317.000029371
10317.000054186
10317.000014629
10317.000071842
10317.000096785
10317.000053451
10317.X00180058
10317.000026535
10317.X00215639
10317.000082689
10317.X00179384
10317.000028869
10317.000028910
10317.X00214187
10317.000086615
10317.000070725
10317.000109208
10317.000022386
10317.000066567
10317.000111255
10317.000067722
10317.000109241
10317.000039844
10317.000023744
10317.000065607
10317.000058409
10317.000116143
10317.DM2349439
10317.000068720
10317.000013703
10317.000026157
10317.000037540
10317.DM2439389
10317.000073288
10317.0363201815
10317.000031200
10317.000036123
10317.000022996
10317.000020605
10317.000076329
10317.000038199
10317.000040131
10317.X00235429
10317.000050245
10317.000074438
10317.000069411
10317.000108673
10317.000029434
10317.DM2668899
10317.000069245
10317.000054072
10317.X00215709
10317.000076483
10317.000050177
10317.000099279
10317.000033583
10317.X00166081
10317.000116613
10317.X00179725
10317.000058957
10317.000097667
10317.000086604
10317.000026441
10317.000079026
10317.X00179369
10317.000011195
10317.000082670
10317.000012398
10317.X00167648
10317.000086601
10317.000020556
10317.000023451
10317.000029318
10317.000074850
10317.000030312
10317.000100340
10317.000107502
10317.000059922
10317.000046349
10317.000032700
10317.000050358
10317.000050383
10317.000097202
10317.000098054
10317.X00179558
10317.000067011
10317.X00213963
10317.000062954
10317.000022363
10317.000052028
10317.000105376
10317.DM2846939
10317.X00180184
10317.000105358
10317.000098181
10317.000023381
10317.000108865
10317.X00215272
10317.000058426
10317.000068722
10317.X00180126
10317.DM2449664
10317.000092703
10317.X00180344
10317.000033795
10317.X00182271
10317.000030255
10317.000029572
10317.000092932
10317.000070847
10317.000022290
10317.X00214236
10317.000065615
10317.000082734
10317.X00214456
10317.000022155
10317.000106569
10317.000109018
10317.X00180883
10317.000086682
10317.000066941
10317.000050295
10317.X00214882
10317.000050178
10317.000101388
10317.000076510
10317.000115078
10317.000115368
10317.000037559
10317.000059093
10317.000040102
10317.000115140
10317.X00183190
10317.X00214540
10317.000098178
10317.000029287
10317.X00192421
10317.000097757
10317.000089770
10317.000098696
10317.000093559
10317.000052045
10317.X00213978
10317.X00214149
10317.X00179029
10317.000108879
10317.000021282
10317.000069856
10317.X00180954
10317.000092976
10317.000030093
10317.DM2693386
10317.000069750
10317.000031201
10317.000046251
10317.000071985
10317.000070746
10317.000022362
10317.000054338
10317.000072240
10317.000039755
10317.000030013
10317.000065737
10317.X00172258
10317.X00180422
10317.000066900
10317.000020685
10317.000032817
10317.000023785
10317.X00183148
10317.000074664
10317.000038234
10317.000028345
10317.000032839
10317.X00165202
10317.X00180061
10317.000075933
10317.000029509
10317.000114522
10317.000033787
10317.X00229285
10317.000058803
10317.000098724
10317.000099038
10317.X00215010
10317.X00213997
10317.000066501
10317.000089732
10317.000027344
10317.000053304
10317.000014961
10317.X00185869
10317.000047221
10317.000029427
10317.000108817
10317.000036971
10317.000031470
10317.000038246
10317.000058751
10317.000029985
10317.000076465
10317.000041224
10317.000074367
10317.000035355
10317.000040010
10317.000103797
10317.000074525
10317.000079452
10317.000073309
10317.000063026
10317.000071978
10317.X00215086
10317.000039985
10317.000092744
10317.000158072
10317.000070729
10317.X00215719
10317.000036463
10317.000107632
10317.000110363
10317.000058840
10317.000054065
10317.000033413
10317.000107369
10317.000146490
10317.DM2448366
10317.X00214354
10317.000105820
10317.000058456
10317.DM2646648
10317.000069608
10317.000053357
10317.000075923
10317.X00229092
10317.000028915
10317.000101071
10317.000084409
10317.000029178
10317.000020613
10317.000086673
10317.000058351
10317.000066952
10317.000033565
10317.000070717
10317.000093571
10317.000090176
10317.000047220
10317.000076508
10317.000108932
10317.000112955
10317.000065744
10317.000079012
10317.X00179241
10317.000052261
10317.000041698
10317.000065433
10317.000076296
10317.000037983
10317.000107417
10317.000029488
10317.000033804
10317.000023236
10317.000089749
10317.000108188
10317.000053382
10317.000036863
10317.000111001
10317.000079142
10317.000108931
10317.000030431
10317.000108547
10317.000091099
10317.000070734
10317.000059191
10317.000053463
10317.000032627
10317.000113638
10317.000020473
10317.DM2994439
10317.X00185555
10317.000058761
10317.000094704
10317.000108685
10317.000031823
10317.000070724
10317.000087052
10317.000048393
10317.000031476
10317.000107661
10317.000101050
10317.000087047
10317.000093441
10317.000102937
10317.000020701
10317.000028112
10317.000097621
10317.000070624
10317.000100376
10317.000106574
10317.000102920
10317.000087303
10317.0363182246
10317.000116151
10317.000098610
10317.X00214031
10317.000069612
10317.000070740
10317.000047837
10317.000075917
10317.000074424
10317.000040084
10317.000018078
10317.000036872
10317.X00229077
10317.000075931
10317.000020478
10317.X00180161
10317.X00185799
10317.000106759
10317.000079005
10317.000032887
10317.000003509
10317.000070750
10317.000013846
10317.000070756
10317.000086625
10317.000047772
10317.000111250
10317.000079152
10317.000087034
10317.000051255
10317.000028806
10317.000086631
10317.000092872
10317.000026054
10317.000089772
10317.000070770
10317.000023648
10317.000098206
10317.000086623
10317.000046697
10317.000097189
10317.000090105
10317.000107609
10317.000076501
10317.000110974
10317.000036209
10317.000069433
10317.X00180181
10317.000113590
10317.X00171124
10317.000091015
10317.000066636
10317.000108635
10317.000075992
10317.000022224
10317.000063565
10317.000047834
10317.000094658
10317.000072623
10317.000098961
10317.000097360
10317.000039634
10317.000070841
10317.000103647
10317.000078788
10317.000053435
10317.000066946
10317.000066652
10317.X00192235
10317.000101145
10317.000109227
10317.000100392
10317.000076595
10317.000038093
10317.000086684
10317.000041638
10317.000021261
10317.X00180959
10317.000033561
10317.000063074
10317.000041780
10317.000032764
10317.000112951
10317.000038329
10317.000041774
10317.000072264
10317.000012015
10317.000073286
10317.000075913
10317.000100428
10317.000101317
10317.000051159
10317.000073277
10317.0363182722
10317.X00176591
10317.000060347
10317.000086655
10317.000072366
10317.000075980
10317.000054062
10317.X00186540
10317.X00214327
10317.000090132
10317.X00176595
10317.000082985
10317.000071981
10317.000114535
10317.000076290
10317.000021284
10317.X00215941
10317.000058349
10317.000097243
10317.000099266
10317.000031262
10317.X00214927
10317.000083125
10317.000105570
10317.000047779
10317.X00173837
10317.000058988
10317.000092702
10317.000074396
10317.000027672
10317.000100444
10317.000029623
10317.000038481
10317.000033712
10317.000092944
10317.000111331
10317.X00214605
10317.000108419
10317.000070800
10317.000105555
10317.000079020
10317.000027665
10317.DM2896468
10317.000107480
10317.000070772
10317.000105844
10317.000082708
10317.X00235413
10317.000076675
10317.000058828
10317.000102832
10317.000073280
10317.000074420
10317.X00180320
10317.000070764
10317.000114505
10317.000065467
10317.000107727
10317.000101001
10317.000073268
10317.000033789
10317.000031455
10317.000023009
10317.000052026
10317.000065623
10317.000038331
10317.0363182852
10317.X00214738
10317.X00180219
10317.000038300
10317.X00214854
10317.0363183174
10317.000022250
10317.000107651
10317.000109194
10317.000020512
10317.000105321
10317.000029378
10317.000071961
10317.000092727
10317.000113704
10317.000042805
10317.X00192358
10317.000071879
10317.000070730
10317.0363159000
10317.X00214077
10317.000076351
10317.000114593
10317.000037558
10317.000023833
10317.000037574
10317.X00215228
10317.000082732
10317.000046306
10317.000012334
10317.000097763
10317.X00161851
10317.000043202
10317.000029322
10317.000047840
10317.000070739
10317.DM2439333
10317.000032857
10317.000058914
10317.000093630
10317.0363158807
10317.000022094
10317.000058823
10317.000086674
10317.000110141
10317.000103721
10317.000058721
10317.X00185752
10317.X00214357
10317.000035354
10317.000070805
10317.000023519
10317.000060057
10317.000017153
10317.000038393
10317.000098745
10317.X00167202
10317.000033248
10317.000048404
10317.000058894
10317.X00214802
10317.000067054
10317.000089765
10317.000039504
10317.000075904
10317.000089737
10317.000111273
10317.000050241
10317.000103597
10317.X00214890
10317.000054200
10317.000073845
10317.X00179341
10317.000058359
10317.000041781
10317.000091038
10317.000031028
10317.000033208
10317.X00180956
10317.000113586
10317.000113516
10317.000042708
10317.000076700
10317.000022922
10317.000023576
10317.X00215436
10317.DM2889433
10317.000022230
10317.000110153
10317.000082831
10317.000107623
10317.X00161699
10317.000032825
10317.000074734
10317.000087288
10317.000038217
10317.000060361
10317.000094626
10317.000079365
10317.000097680
10317.000017312
10317.000066436
10317.000086586
10317.000086647
10317.DM2984689
10317.X00215612
10317.000082928
10317.X00176563
10317.000084402
10317.000037953
10317.000037984
10317.000047413
10317.000112669
10317.000097264
10317.X00214573
10317.000097886
10317.000111276
10317.000115065
10317.000089757
10317.000106388
10317.000110142
10317.000097261
10317.000108922
10317.000038297
10317.000084416
10317.000086605
10317.X00180967
10317.000030382
10317.000089517
10317.000111269
10317.000072565
10317.000068257
10317.000029377
10317.000028729
10317.000150645
10317.000067072
10317.X00180430
10317.000030145
10317.000071499
10317.000063592
10317.000023002
10317.000036436
10317.X00180483
10317.DM2933663
10317.000065322
10317.000087110
10317.000071880
10317.DM2444893
10317.X00215411
10317.000089760
10317.000070664
10317.000097796
10317.000020060
10317.X00180051
10317.000022543
10317.000066448
10317.000107967
10317.000023609
10317.000073256
10317.000086640
10317.000033158
10317.000013428
10317.000046702
10317.000033184
10317.000058389
10317.000106435
10317.000058355
10317.000018420
10317.000039605
10317.000014009
10317.000032954
10317.X00180328
10317.000052033
10317.000032859
10317.000028511
10317.000111325
10317.DM2436836
10317.X00179778
10317.DM2349698
10317.X00214468
10317.000101162
10317.000110514
10317.X00179781
10317.000070765
10317.000069205
10317.X00214566
10317.X00183173
10317.000053353
10317.000020681
10317.000038073
10317.000041761
10317.000101307
10317.000032772
10317.X00213961
10317.000100476
10317.X00215475
10317.000052516
10317.000065589
10317.000086669
10317.000059923
10317.000018327
10317.000108866
10317.000051127
10317.DM2384698
10317.000042810
10317.000029405
10317.000115074
10317.000115224
10317.000030098
10317.000105631
10317.000068308
10317.000069222
10317.000030037
10317.000027683
10317.X00178372
10317.000111330
10317.000105496
10317.X00180457
10317.X00215616
10317.000058994
10317.000089750
10317.000020614
10317.000049928
10317.000071866
10317.000079106
10317.000030298
10317.000086657
10317.000097777
10317.000020500
10317.000109221
10317.X00180130
10317.000086587
10317.000042866
10317.000086617
10317.000037943
10317.X00191342
10317.000082998
10317.000110100
10317.X00215939
10317.000079062
10317.000021151
10317.000107337
10317.000071883
10317.000029476
10317.000049919
10317.DM2398946
10317.000033496
10317.000100424
10317.000020686
10317.000048312
10317.X00171892
10317.DM2693689
10317.X00180416
10317.000151896
10317.000065948
10317.000092721
10317.000034150
10317.000086624
10317.000072131
10317.000093412
10317.000032662
10317.000110180
10317.000069602
10317.000050298
10317.000072036
10317.0363158975
10317.000073613
10317.000032646
10317.000051181
10317.000071555
10317.000058982
10317.000017712
10317.000090013
10317.000066678
10317.000098897
10317.000086609
10317.000060264
10317.000011405
10317.000048344
10317.000022167
10317.X00214413
10317.DM2494466
10317.DM2664836
10317.X00190877
10317.000036882
10317.X00185830
10317.000052351
10317.000089742
10317.000033476
10317.000047185
10317.X00180887
10317.000027659
10317.000028743
10317.000089744
10317.000053421
10317.000116667
10317.000030555
10317.000097761
10317.000023287
10317.X00191354
10317.000058437
10317.000071479
10317.000040340
10317.000107739
10317.000027634
10317.000098747
10317.000087043
10317.000090533
10317.000054314
10317.000075883
10317.000018447
10317.000097214
10317.000073328
10317.000020339
10317.000046712
10317.000107654
10317.000103839
10317.X00179194
10317.000033289
10317.000086642
10317.000102949
10317.000041285
10317.000152339
10317.000031813
10317.X00180974
10317.000069261
10317.000070844
10317.000066640
10317.X00183167
10317.000067029
10317.000086614
10317.000098977
10317.X00215451
10317.000086588
10317.000059848
10317.000102902
10317.000114531
10317.000089830
10317.000074284
10317.000097631
10317.000098681
10317.000086680
10317.000151217
10317.000023910
10317.000058786
10317.DM2399933
10317.000086610
10317.000070726
10317.X00185882
10317.000108821
10317.000115328
10317.000074392
10317.000065608
10317.000047169
10317.000065435
10317.000020772
10317.000022976
10317.000062911
10317.000047395
10317.000028963
10317.000086622
10317.000100394
10317.000089753
10317.000149037
10317.000113514
10317.000069177
10317.000070679
10317.000106962
10317.000035262
10317.000042017
10317.000054185
10317.000033554
10317.000068474
10317.000113982
10317.000017154
10317.000097187
10317.000097750
10317.000034119
10317.000034247
10317.000047775
10317.000113773
10317.000115129
10317.000070769
10317.000028109
10317.X00179039
10317.000030580
10317.000036075
10317.000110307
10317.000076502
10317.000108260
10317.000107649
10317.X00185677
10317.X00211393
10317.000002080
10317.000015641
10317.000079367
10317.000090077
10317.X00215075
10317.000082987
10317.000089776
10317.X00215875
10317.000089407
10317.000023211
10317.000038060
10317.000042645
10317.X00214265
10317.000047773
10317.X00180885
10317.X00179630
10317.000021207
10317.000054041
10317.X00214108
10317.000029407
10317.X00191500
10317.000037566
10317.000065583
10317.000086626
10317.000089327
10317.000069231
10317.000105354
10317.000086661
10317.000070727
10317.000102722
10317.000052244
10317.000082927
10317.X00185824
10317.000065609
10317.X00180958
10317.000076462
10317.000114294
10317.000037504
10317.000106090
10317.000020487
10317.000102951
10317.000013927
10317.000114842
10317.X00213976
10317.000099156
10317.000155267
10317.000074433
10317.X00185845
10317.000066945
10317.000011142
10317.X00180953
10317.X00180389
10317.000092796
10317.DM2838483
10317.000089743
10317.000113592
10317.000023965
10317.000082721
10317.000110425
10317.000107153
10317.000105362
10317.000062980
10317.X00180448
10317.000023573
10317.000078774
10317.000041733
10317.000071874
10317.000027918
10317.000097755
10317.000107333
10317.000068480
10317.000090175
10317.000032712
10317.X00215088
10317.000028111
10317.X00177988
10317.000028251
10317.000097659
10317.000023429
10317.000011189
10317.000029161
10317.000014630
10317.X00213984
10317.000030165
10317.000042722
10317.000110172
10317.000076191
10317.000097338
10317.000023558
10317.000098952
10317.000022407
10317.000042811
10317.000058421
10317.DM2983384
10317.000111002
10317.X00179572
10317.000072298
10317.000097716
10317.000073622
10317.0363201804
10317.000030976
10317.000116155
10317.X00215369
10317.X00179888
10317.000109204
10317.000014639
10317.000053475
10317.000089768
10317.000060060
10317.000041758
10317.X00214654
10317.000089745
10317.000030090
10317.000062097
10317.DM2493943
10317.000110106
10317.000086600
10317.DM2936486
10317.000059968
10317.000076004
10317.000020515
10317.000075924
10317.X00180386
10317.X00214334
10317.000097817
10317.000072140
10317.000042021
10317.000040151
10317.000110079
10317.000113074
10317.000069689
10317.000067723
10317.000050625
10317.X00215089
10317.000069668
10317.000058340
10317.000054199
10317.000027604
10317.000030108
10317.000038326
10317.000110975
10317.000023795
10317.000062109
10317.000065621
10317.000097311
10317.000031468
10317.000109253
10317.000069159
10317.000097366
10317.000097679
10317.000020539
10317.000032664
10317.X00215882
10317.000089385
10317.000033140
10317.000066665
10317.000072017
10317.X00180973
10317.000113661
10317.000071988
10317.000026426
10317.X00191943
10317.000100453
10317.000022910
10317.000071581
10317.000052031
10317.000094683
10317.000036876
10317.000046256
10317.X00179740
10317.X00190933
10317.000052160
10317.000107947
10317.000107733
10317.X00179822
10317.000030164
10317.000058769
10317.X00215871
10317.000047196
10317.000065562
10317.X00161470
10317.000074710
10317.000027836
10317.000070720
10317.000027835
10317.000072023
10317.000066846
10317.000107493
10317.000070653
10317.000107398
10317.000032619
10317.000047571
10317.000041696
10317.X00178590
10317.DM2846848
10317.000031309
10317.000110412
10317.000043131
10317.000051180
10317.000048275
10317.000109191
10317.000107782
10317.000070832
10317.000028463
10317.000112156
10317.000086671
10317.000028268
10317.000079146
10317.000058895
10317.000079084
10317.000017278
10317.000115182
10317.000070723
10317.000026493
10317.000028716
10317.000111000
10317.000103838
10317.000074355
10317.000023157
10317.000030313
10317.000086670
10317.000073279
10317.000115075
10317.000015847
10317.000108623
10317.000097722
10317.000070768
10317.000038033
10317.000116347
10317.000074674
10317.000083046
10317.000089735
10317.000066628
10317.000108788
10317.000047216
10317.000106774
10317.000039819
10317.000082697
10317.000110972
10317.000041265
10317.000107621
10317.000058414
10317.000110976
10317.000047783
10317.000108852
10317.000107664
10317.000087301
10317.000092998
10317.000074211
10317.X00185474
10317.000059034
10317.000013971
10317.000110513
10317.000107289
10317.000038323
10317.000092837
10317.X00214695
10317.X00214992
10317.000030405
10317.000108873
10317.000047411
10317.000149225
10317.000116426
10317.000097104
10317.000065612
10317.X00167701
10317.DM2966849
10317.X00214944
10317.000041145
10317.000038024
10317.000027825
10317.000076199
10317.000032732
10317.000087641
10317.000058440
10317.000023251
10317.000053426
10317.000038028
10317.000084228
10317.000029484
10317.X00185917
10317.000042678
10317.000068255
10317.000106575
10317.000011291
10317.000030222
10317.000050293
10317.000066958
10317.000108971
10317.X00215273
10317.000106427
10317.000089758
10317.000033479
10317.000042873
10317.000051584
10317.000023745
10317.000099048
10317.X00214162
10317.X00176791
10317.000098941
10317.000101387
10317.DM2486643
10317.000087091
10317.X00169585
10317.000111329
10317.000099132
10317.000004614
10317.000089763
10317.000066642
10317.000023040
10317.000047153
10317.000029370
10317.DM2388896
10317.000107784
10317.000052268
10317.X00179501
10317.000040069
10317.000116383
10317.X00215016
10317.0363182279
10317.000032632
10317.000087136
10317.X00192514
10317.000066989
10317.000041937
10317.000023734
10317.X00164724
10317.000053497
10317.000107994
10317.000099230
10317.000046159
10317.000106761
10317.000089756
10317.000106432
10317.000073281
10317.000149418
10317.000109161
10317.000070719
10317.000022017
10317.000017155
10317.000031800
10317.000022124
10317.000047189
10317.000089351
10317.000065303
10317.000108819
10317.000026042
10317.000079444
10317.000072183
10317.000041665
10317.000087235
10317.X00183179
10317.000079028
10317.000032630
10317.000091039
10317.X00215221
10317.X00185548
10317.000027828
10317.000058955
10317.000089746
10317.000073276
10317.000110520
10317.000041661
10317.000115125
10317.000005042
10317.000041945
10317.000099214
10317.000107710
10317.000037982
10317.0363213274
10317.000092737
10317.X00179137
10317.DM2444839
10317.000090061
10317.000070767
10317.000066643
10317.000060276
10317.000100422
10317.X00180216
10317.000098951
10317.000113143
10317.000032754
10317.000054333
10317.000074369
10317.000023772
10317.000020106
10317.000076173
10317.X00214192
10317.X00180886
10317.000060042
10317.000113663
10317.DM2334636
10317.000108396
10317.000042760
10317.000010190
10317.000042875
10317.DM2696334
10317.000029528
10317.000103752
10317.000086659
10317.000022014
10317.000073254
10317.000097386
10317.000020443
10317.0363182286
10317.000060054
10317.000030430
10317.000070732
10317.000092925
10317.000091037
10317.000111268
10317.000100986
10317.000070766
10317.X00180232
10317.000086629
10317.X00215456
10317.000097270
10317.000150291
10317.000052401
10317.000070721
10317.000062940
10317.X00180961
10317.000157550
10317.000092677
10317.000031008
10317.X00179801
10317.000086649
10317.000092697
10317.000059163
10317.X00215049
10317.000022360
10317.000026526
10317.000113620
10317.000073325
10317.000076344
10317.000023322
10317.X00180355
10317.000053468
10317.000089775
10317.000037552
10317.000075942
10317.X00179807
10317.X00229100
10317.X00180165
10317.000102947
10317.000058475
10317.DM2998843
10317.DM2363984
10317.DM2483944
10317.000050184
10317.000027291
10317.000052283
10317.X00215892
10317.000069665
10317.000038158
10317.X00183160
10317.000098608
10317.DM2636894
10317.000071409
10317.000099033
10317.000020332
10317.000036457
10317.000070718
10317.000108704
10317.000070782
10317.000105348
10317.000070707
10317.000058995
10317.000047695
10317.X00180492
10317.000108955
10317.000103722
10317.X00190891
10317.X00162354
10317.000067007
10317.000105322
10317.000041303
10317.X00229238
10317.000086583
10317.X00171877
10317.000105372
10317.000109111
10317.X00162206
10317.000110095
10317.X00180977
10317.000099228
10317.000026452
10317.000027637
10317.000079163
10317.000109724
10317.000022150
10317.000028705
10317.000084238
10317.000009768
10317.000032973
10317.0363213264
10317.000053368
10317.000094749
10317.000097696
10317.000020479
10317.000086621
10317.000032846
10317.000037937
10317.000089382
10317.000009140
10317.000089544
10317.000053318
10317.000106393
10317.X00214799
10317.000151056
10317.000074611
10317.000002011
10317.000041672
10317.000070834
10317.000093401
10317.000011356
10317.000031281
10317.000046357
10317.000068528
10317.000103030
10317.000155390
10317.000108856
10317.000001446
10317.X00215591
10317.000111335
10317.X00181248
10317.X00170986
10317.000111253
10317.000030039
10317.X00176781
10317.X00180880
10317.000023801
10317.000107276
10317.X00214053
10317.000086679
10317.000105345
10317.000063067
10317.X00214332
10317.000107343
10317.000041784
10317.000058747
10317.000059959
10317.000065606
10317.000109841
10317.000058851
10317.X00215421
10317.000086602
10317.000042740
10317.000023549
10317.000047199
10317.000074593
10317.X00180881
10317.000048402
10317.000084318
10317.X00179076
10317.000110459
10317.X00180257
10317.000071901
10317.000076298
10317.000071449
10317.000072010
10317.000029516
10317.000071957
10317.DM2948334
10317.000111334
10317.000109792
10317.000065610
10317.000058358
10317.000023217
10317.000114520
10317.000073270
10317.000009431
10317.000086596
10317.000086643
10317.000108818
10317.X00214411
10317.000058730
10317.000052409
10317.000076676
10317.X00179145
10317.000070748
10317.000105554
10317.X00169520
10317.000110078
10317.000023556
10317.000108601
10317.000084331
10317.X00214383
10317.000112906
10317.000098760
10317.000086672
10317.000097635
10317.000103000
10317.000086668
10317.000046278
10317.000097717
10317.000098756
10317.000103050
10317.000069308
10317.000021258
10317.000037576
10317.X00177940
10317.000038118
10317.000020684
10317.X00180013
10317.000034174
10317.000028802
10317.000050021
10317.000027630
10317.000105329
10317.X00179408
10317.X00180188
10317.000027588
10317.000063064
10317.000089754
10317.000058709
10317.000053305
10317.000071433
10317.000105662
10317.000112126
10317.000065658
10317.000058411
10317.X00214984
10317.000012311
10317.000023854
10317.000108779
10317.000086636
10317.000035453
10317.000028082
10317.0363213336
10317.000073873
10317.000109248
10317.000074199
10317.000033095
10317.000082571
10317.000036464
